6742
#term	doc freq	idx
0	4199	0
1	4199	1
1,001,400	1	2
1,005,369	1	3
1,006,336	1	4
1,006,632	1	5
1,006,802	1	6
1,009,773	1	7
1,013,764	1	8
1,014,019	1	9
1,014,037	1	10
1,014,969	1	11
1,029,850	1	12
1,031,344	1	13
1,031,619	1	14
1,032,163	1	15
1,032,267	1	16
1,032,409	1	17
1,032,426	1	18
1,032,455	1	19
1,032,615	1	20
1,032,723	1	21
1,032,833	1	22
1,068,526	1	23
1,068,693	1	24
1,068,865	1	25
1,069,236	1	26
1,069,250	1	27
1,069,348	1	28
1,069,562	1	29
1,069,625	1	30
1,119,858	1	31
1,120,409	1	32
1,122,355	1	33
1,122,406	1	34
1,123,975	1	35
1,124,588	1	36
1,124,799	1	37
1,125,041	1	38
1,125,073	1	39
1,2	5	40
1,219,643	1	41
1,219,856	1	42
1,221,854	1	43
1,223,401	1	44
1,223,868	1	45
1,224,746	1	46
1,224,848	1	47
1,328,573	1	48
1,329,455	1	49
1,329,482	1	50
1,403,388	1	51
1,408,399	1	52
1,408,861	1	53
1,409,443	1	54
1,411,347	1	55
1,411,460	1	56
1,412,473	1	57
1,412,974	1	58
1,413,514	1	59
1,414,198	1	60
1,423,431	1	61
1,423,733	1	62
1,425,253	1	63
1,428,456	1	64
1,428,665	1	65
1,429,366	1	66
1,429,562	1	67
1,430,980	1	68
1,431,758	1	69
1,503,319	1	70
1,504,465	1	71
1,504,824	1	72
1,506,446	1	73
1,508,141	1	74
1,508,204	1	75
1,508,492	1	76
1,740,425	1	77
1,741,296	1	78
1,741,870	1	79
1,742,122	1	80
1,742,212	1	81
1,742,755	1	82
1,743,094	1	83
1,743,458	1	84
1,743,955	1	85
1,752,785	1	86
1,753,220	1	87
1,753,272	1	88
1,754,859	1	89
1,756,373	1	90
1,756,530	1	91
1,757,968	1	92
1,758,059	1	93
1,758,634	1	94
1,758,765	1	95
1,759,072	1	96
10	9	97
10,646,917	1	98
10,661,947	1	99
10,673,108	1	100
10,678,356	1	101
10,679,544	1	102
10,684,932	1	103
10,685,030	1	104
10,687,781	1	105
10,690,811	1	106
10,691,618	1	107
10,692,472	1	108
10,694,099	1	109
10,696,087	1	110
10,696,203	1	111
10,702,167	1	112
10,703,592	1	113
100	24	114
100,020	1	115
100,035	1	116
100,050	1	117
100,061	1	118
100,147	1	119
100,266	1	120
100,277	1	121
100,299	1	122
100,301	1	123
100,398	1	124
100,407	1	125
100,714	1	126
100,731	1	127
100,766	1	128
100,775	1	129
100,776	1	130
100,834	1	131
100,848	1	132
100,876	1	133
100,889	1	134
100,893	1	135
100,894	1	136
100,911	1	137
101,007	1	138
101,120	1	139
101,219	1	140
101,255	1	141
101,261	1	142
101,270	1	143
101,286	1	144
101,305	1	145
101,317	1	146
101,324	1	147
101,326	1	148
101,353	1	149
101,371	1	150
101,379	1	151
101,384	1	152
101,385	1	153
101,396	1	154
101,432	1	155
101,438	1	156
101,441	1	157
101,463	1	158
101,484	1	159
101,501	1	160
101,508	1	161
101,513	1	162
101,615	1	163
101,753	1	164
101,827	1	165
101,860	1	166
101,894	1	167
101,898	1	168
101,911	1	169
101,915	1	170
101,987	1	171
102,094	1	172
102,127	1	173
102,139	1	174
102,269	1	175
102,278	1	176
102,280	2	177
102,300	1	178
102,324	1	179
102,337	1	180
102,347	1	181
102,381	1	182
102,404	1	183
102,411	1	184
102,432	1	185
102,435	1	186
102,441	1	187
102,442	1	188
102,449	1	189
102,469	1	190
102,470	1	191
102,482	1	192
102,501	1	193
102,512	1	194
102,543	1	195
102,544	1	196
102,553	1	197
102,587	1	198
102,594	1	199
102,602	1	200
102,722	1	201
102,755	1	202
102,830	1	203
102,841	1	204
102,853	1	205
102,884	1	206
102,964	1	207
103,000	1	208
103,087	1	209
103,094	1	210
103,239	1	211
103,268	1	212
103,299	1	213
103,308	1	214
103,320	1	215
103,321	1	216
103,324	1	217
103,327	1	218
103,343	1	219
103,361	1	220
103,370	1	221
103,386	1	222
103,404	1	223
103,406	1	224
103,417	1	225
103,452	1	226
103,453	1	227
103,454	1	228
103,469	1	229
103,471	1	230
103,488	1	231
103,503	1	232
103,504	1	233
103,511	1	234
103,516	1	235
103,526	1	236
103,531	1	237
103,535	1	238
103,563	1	239
103,565	1	240
103,572	1	241
103,631	1	242
103,665	1	243
103,704	1	244
103,738	1	245
103,765	1	246
103,774	1	247
103,786	1	248
103,801	1	249
103,812	1	250
103,815	1	251
103,830	1	252
103,831	1	253
103,868	1	254
103,886	1	255
103,894	1	256
104	9	257
104,031	1	258
104,035	1	259
104,157	1	260
104,194	1	261
104,199	1	262
104,215	1	263
104,257	1	264
104,258	1	265
104,397	1	266
104,404	1	267
104,407	1	268
104,483	1	269
104,546	1	270
104,623	1	271
104,633	1	272
104,640	1	273
105	14	274
105,232	1	275
105,385	1	276
105,422	1	277
105,462	1	278
105,585	1	279
105,602	1	280
105,623	1	281
105,972	1	282
106	12	283
106,052	1	284
106,064	1	285
106,067	1	286
106,070	1	287
106,084	1	288
106,092	1	289
106,101	1	290
106,112	1	291
106,133	1	292
106,181	1	293
106,214	1	294
106,365	1	295
106,374	1	296
106,389	1	297
106,432	1	298
106,506	1	299
106,584	1	300
106,588	1	301
106,591	1	302
106,618	1	303
106,730	1	304
106,746	1	305
106,767	1	306
106,776	1	307
106,865	1	308
106,866	1	309
106,897	1	310
106,920	1	311
106,946	1	312
106,950	1	313
106,970	1	314
106,986	1	315
107	6	316
107,013	1	317
107,026	1	318
107,028	1	319
107,053	1	320
107,060	1	321
107,074	1	322
107,138	1	323
108,339	1	324
108,342	1	325
108,381	1	326
108,426	1	327
108,522	1	328
108,537	1	329
108,541	1	330
108,546	1	331
108,567	1	332
108,593	1	333
108,599	1	334
108,612	1	335
108,616	1	336
108,622	1	337
108,637	1	338
108,643	1	339
108,658	1	340
108,664	2	341
108,678	1	342
108,679	1	343
108,691	1	344
108,700	1	345
108,711	1	346
108,730	1	347
108,772	1	348
108,781	1	349
108,785	1	350
108,835	1	351
108,872	1	352
108,874	1	353
108,878	1	354
108,886	1	355
108,909	1	356
108,928	1	357
108,932	1	358
108,938	1	359
108,964	1	360
109,013	1	361
109,074	1	362
109,093	1	363
109,101	1	364
109,188	1	365
109,299	1	366
109,414	1	367
109,416	1	368
109,499	1	369
109,623	1	370
109,634	1	371
109,718	1	372
109,738	1	373
109,864	1	374
109,898	1	375
109,904	1	376
109,906	1	377
109,908	1	378
109,919	1	379
10th	48	380
10warfare	4199	381
11	7	382
110	13	383
110,098	1	384
110,291	1	385
110,309	1	386
110,329	1	387
110,374	1	388
110,383	1	389
110,429	1	390
110,436	1	391
110,438	1	392
110,448	1	393
110,457	1	394
110,561	1	395
110,623	1	396
110,749	1	397
110,782	1	398
110,785	1	399
110,801	1	400
110,824	1	401
110,838	1	402
110,845	1	403
110,848	1	404
110,850	1	405
110,858	1	406
110,887	1	407
110,890	1	408
110,907	1	409
110,913	1	410
110,948	1	411
110,968	1	412
110,992	1	413
111	10	414
111,004	1	415
111,014	1	416
111,030	1	417
111,087	1	418
111,093	1	419
111,261	1	420
111,271	1	421
111,274	1	422
111,277	1	423
111,307	1	424
111,316	1	425
111,322	1	426
111,342	1	427
111,344	1	428
111,358	1	429
111,366	1	430
111,370	1	431
111,406	1	432
111,415	1	433
111,416	1	434
111,424	1	435
111,440	1	436
111,453	1	437
111,468	1	438
111,470	1	439
111,473	1	440
111,474	1	441
111,476	1	442
111,477	1	443
111,484	1	444
111,486	1	445
111,500	1	446
111,508	1	447
111,534	1	448
111,538	1	449
111,583	1	450
111,661	1	451
111,681	1	452
111,716	1	453
111,738	1	454
111,740	1	455
111,741	1	456
111,772	1	457
111,774	1	458
111,793	1	459
111,812	1	460
111,823	1	461
111,840	1	462
111,842	1	463
111,851	1	464
111,867	1	465
111,869	1	466
111,895	1	467
111,906	1	468
111,935	1	469
112	13	470
112,004	1	471
112,058	1	472
112,090	1	473
112,576	1	474
113	27	475
113,440	1	476
113,442	1	477
113,532	1	478
113,701	1	479
113,733	1	480
113,765	1	481
113,848	1	482
113,894	1	483
113,959	1	484
113,983	1	485
114	7	486
114,311	1	487
114,473	1	488
114,592	1	489
114,694	1	490
114,736	1	491
114,911	1	492
114,959	1	493
114,962	1	494
114,978	1	495
115	13	496
115,037	1	497
115,069	1	498
115,108	1	499
115,120	1	500
116	12	501
116,155	1	502
116,160	1	503
116,230	1	504
116,271	1	505
116,323	1	506
116,354	1	507
116,373	1	508
116,411	1	509
116,414	1	510
116,420	1	511
116,425	1	512
116,427	1	513
116,456	1	514
116,458	1	515
116,540	1	516
116,584	1	517
116,591	1	518
116,592	1	519
116,612	1	520
116,663	1	521
116,671	1	522
116,678	1	523
116,695	1	524
116,698	1	525
116,707	1	526
116,724	1	527
116,728	1	528
116,738	1	529
116,780	1	530
116,796	1	531
116,904	1	532
116,905	1	533
116,906	1	534
116,943	1	535
116,951	1	536
116,977	1	537
116,982	1	538
116,985	1	539
116,997	1	540
116,999	1	541
117	14	542
117,010	1	543
117,026	1	544
117,040	1	545
117,045	1	546
117,055	1	547
117,069	1	548
117,076	1	549
117,092	1	550
117,093	1	551
117,099	1	552
117,108	1	553
117,116	1	554
117,140	1	555
117,147	1	556
117,159	1	557
117,181	1	558
117,195	1	559
117,205	1	560
117,206	1	561
117,212	1	562
117,303	1	563
117,353	1	564
117,366	1	565
117,508	1	566
117,534	1	567
117,661	1	568
117,689	1	569
117,690	1	570
117,712	1	571
117,724	1	572
117,772	1	573
117,785	1	574
117,803	1	575
117,807	1	576
117,814	1	577
118	3	578
118,047	1	579
118,092	1	580
118,108	1	581
118,440	1	582
119	13	583
119,765	1	584
119,776	1	585
119,788	1	586
119,949	1	587
11monster	4199	588
11th	94	589
12	21	590
120	6	591
120,011	1	592
120,079	1	593
120,170	1	594
120,173	1	595
120,179	1	596
120,181	1	597
120,220	1	598
120,239	1	599
120,274	1	600
120,295	1	601
120,313	1	602
120,317	1	603
120,332	1	604
120,343	1	605
120,347	1	606
120,352	1	607
120,384	1	608
120,426	1	609
120,511	1	610
120,523	1	611
121	8	612
121,671	1	613
121,744	1	614
121,755	1	615
121,779	1	616
121,828	1	617
121,876	1	618
121,884	1	619
122	8	620
122,002	1	621
122,031	1	622
122,044	1	623
122,057	1	624
122,083	1	625
122,101	1	626
122,103	1	627
122,112	1	628
122,145	1	629
122,151	1	630
122,178	1	631
122,218	1	632
122,227	1	633
122,271	1	634
122,282	1	635
122,400	1	636
122,543	1	637
122,563	1	638
122,587	1	639
122,797	1	640
122,887	1	641
122,892	1	642
122,930	1	643
122,958	1	644
123	23	645
123,012	1	646
124	10	647
124,010	1	648
124,170	1	649
124,227	1	650
124,241	1	651
124,327	1	652
124,398	1	653
124,406	1	654
124,424	1	655
124,503	1	656
125	15	657
125,532	1	658
125,612	1	659
125,657	1	660
125,711	1	661
125,725	1	662
125,797	1	663
125,933	1	664
125,977	1	665
126	14	666
126,452	1	667
126,473	1	668
126,730	1	669
126,759	1	670
126,852	1	671
126,882	1	672
126,884	1	673
126,955	1	674
126,988	1	675
127	10	676
127,090	1	677
127,103	1	678
127,345	1	679
127,447	1	680
127,503	1	681
127,771	1	682
127,779	1	683
127,817	1	684
128	22	685
128,144	1	686
128,179	1	687
128,293	1	688
128,320	1	689
128,485	1	690
128,501	1	691
128,543	1	692
128,558	1	693
128,566	1	694
128,667	1	695
128,772	1	696
128,796	1	697
128,997	1	698
129	8	699
129,089	1	700
129,153	1	701
129,155	1	702
129,175	1	703
129,190	1	704
129,192	1	705
129,201	1	706
129,214	1	707
129,247	1	708
129,388	1	709
129,411	1	710
129,414	1	711
129,480	1	712
129,553	1	713
129,582	1	714
129,610	1	715
129,622	1	716
12boxhead	4199	717
12th	40	718
130	9	719
130,660	1	720
130,684	1	721
130,790	1	722
130,860	1	723
131	12	724
131,024	1	725
132	15	726
132,555	1	727
132,559	2	728
132,611	1	729
132,667	1	730
132,711	1	731
132,780	1	732
132,785	1	733
132,802	1	734
133	14	735
133,003	1	736
133,029	1	737
133,031	1	738
133,065	1	739
133,119	1	740
133,123	1	741
133,158	1	742
133,177	1	743
133,178	1	744
133,222	1	745
133,312	1	746
133,325	1	747
133,329	1	748
134	11	749
135	12	750
136	9	751
137	18	752
138	14	753
13shadez	4199	754
13th	44	755
14	17	756
140	9	757
140,104	1	758
140,331	1	759
140,334	1	760
140,339	1	761
140,444	1	762
140,496	1	763
140,507	1	764
140,509	1	765
140,511	1	766
140,532	1	767
140,587	1	768
140,592	1	769
141	5	770
141,622	1	771
141,641	1	772
141,645	1	773
141,672	1	774
141,675	1	775
141,690	1	776
141,718	1	777
141,777	1	778
141,781	1	779
141,791	1	780
141,793	1	781
141,824	1	782
141,875	1	783
141,892	1	784
141,911	1	785
141,916	1	786
141,941	1	787
142	8	788
142,132	1	789
142,168	1	790
142,325	1	791
143	10	792
144	24	793
144,156	1	794
144,216	1	795
144,377	1	796
144,485	1	797
144,493	1	798
144,525	1	799
144,673	1	800
144,712	1	801
144,718	1	802
144,796	1	803
144,797	1	804
144,812	1	805
144,841	1	806
144,845	1	807
144,847	1	808
144,869	1	809
144,880	1	810
144,883	1	811
144,937	1	812
145	10	813
145,013	1	814
145,072	1	815
145,079	1	816
145,082	1	817
145,100	1	818
146	7	819
148	6	820
149	15	821
14madness	4199	822
14th	42	823
150	6	824
151	10	825
151,537	1	826
151,572	1	827
151,787	1	828
151,794	1	829
151,857	1	830
152	12	831
152,030	1	832
152,047	1	833
152,048	1	834
152,102	1	835
152,153	1	836
152,260	1	837
152,290	1	838
152,742	1	839
152,753	1	840
152,789	1	841
152,790	1	842
152,804	1	843
152,902	1	844
153	7	845
153,078	1	846
153,106	1	847
153,576	1	848
153,683	1	849
153,713	1	850
153,737	1	851
153,852	1	852
153,853	1	853
153,875	1	854
153,922	1	855
154	6	856
154,058	1	857
154,088	1	858
154,092	1	859
154,133	1	860
154,138	1	861
154,140	1	862
154,142	1	863
154,173	1	864
154,177	1	865
154,195	1	866
154,197	1	867
154,206	1	868
154,226	1	869
154,267	1	870
154,294	1	871
154,317	1	872
154,346	1	873
154,554	1	874
154,727	1	875
154,750	1	876
154,751	1	877
154,924	1	878
155	5	879
155,153	1	880
155,170	1	881
155,238	1	882
155,240	1	883
155,285	1	884
155,304	1	885
155,316	1	886
155,331	1	887
155,411	1	888
155,429	1	889
156	9	890
156,774	1	891
157	14	892
157,401	1	893
157,432	1	894
157,468	1	895
157,537	1	896
158	6	897
159	5	898
15chaos	151	899
15tactical	354	900
15th	1788	901
15warfare	3694	902
160	10	903
160,153	1	904
160,184	1	905
160,820	1	906
160,905	1	907
160,923	1	908
161	12	909
161,024	1	910
161,248	1	911
161,260	1	912
161,344	1	913
161,386	1	914
161,593	1	915
161,638	1	916
161,714	1	917
161,881	1	918
162	5	919
162,143	1	920
162,190	1	921
162,484	1	922
162,546	1	923
162,558	1	924
162,644	1	925
162,818	1	926
162,859	1	927
163	7	928
164	11	929
164,956	1	930
165	3	931
165,053	1	932
165,065	1	933
165,259	1	934
165,296	1	935
165,356	1	936
165,427	1	937
165,527	1	938
165,632	1	939
165,649	1	940
165,651	1	941
165,765	1	942
165,858	1	943
165,993	1	944
166	12	945
166,056	1	946
166,093	1	947
166,197	1	948
166,274	1	949
166,300	1	950
166,503	1	951
166,595	1	952
166,615	1	953
166,637	1	954
166,648	1	955
166,656	1	956
166,679	1	957
166,686	1	958
166,706	1	959
166,833	1	960
167	9	961
167,118	1	962
167,458	1	963
167,663	1	964
168	8	965
168,742	1	966
169	6	967
169,341	1	968
169,342	1	969
169,378	1	970
169,384	1	971
169,385	1	972
169,457	1	973
169,482	1	974
169,530	1	975
16chaos	10	976
16th	268	977
16warfare	2	978
17,536	1	979
17,541	1	980
17,577	1	981
17,606	1	982
17,608	1	983
17,609	1	984
17,611	1	985
17,617	1	986
17,622	1	987
17,626	1	988
170	9	989
171	8	990
173	5	991
173,717	1	992
173,872	1	993
173,968	1	994
174	5	995
174,204	1	996
174,396	1	997
174,451	1	998
174,493	1	999
174,547	1	1000
174,820	1	1001
175	7	1002
175,040	1	1003
175,305	1	1004
175,330	1	1005
175,631	1	1006
176	6	1007
177	10	1008
177,970	1	1009
178	11	1010
178,032	1	1011
178,065	1	1012
178,296	1	1013
178,312	1	1014
178,370	1	1015
178,445	1	1016
179	18	1017
17blooming	4	1018
17chaos	2	1019
17tactical	6	1020
17th	167	1021
18,171	1	1022
18,247	1	1023
18,249	1	1024
18,295	1	1025
18,300	1	1026
18,305	1	1027
18,308	1	1028
18,317	1	1029
18,330	1	1030
18,332	1	1031
18,333	1	1032
180	8	1033
180,471	1	1034
180,642	1	1035
181	8	1036
181,058	1	1037
181,081	1	1038
181,095	1	1039
181,099	1	1040
181,115	1	1041
181,203	1	1042
181,291	1	1043
181,297	1	1044
182	12	1045
183	7	1046
183,327	1	1047
183,585	1	1048
183,602	1	1049
183,735	1	1050
183,834	1	1051
183,838	1	1052
183,896	1	1053
184	3	1054
184,088	1	1055
184,089	1	1056
184,102	1	1057
184,125	1	1058
184,146	1	1059
184,413	1	1060
184,432	1	1061
184,586	1	1062
184,656	1	1063
185	1	1064
185,022	1	1065
185,039	1	1066
185,130	1	1067
185,151	1	1068
185,222	1	1069
185,248	1	1070
185,413	1	1071
185,578	1	1072
185,704	1	1073
185,772	1	1074
185,788	1	1075
186	10	1076
186,247	1	1077
186,593	1	1078
186,598	1	1079
186,708	1	1080
186,978	1	1081
186,982	1	1082
187	9	1083
187,048	1	1084
187,272	1	1085
187,301	1	1086
187,370	1	1087
187,373	1	1088
187,381	1	1089
187,426	1	1090
187,437	1	1091
187,486	1	1092
187,664	1	1093
187,720	1	1094
187,764	1	1095
187,877	1	1096
187,880	1	1097
187,908	1	1098
188	9	1099
188,054	1	1100
188,085	1	1101
188,110	1	1102
188,175	1	1103
188,199	1	1104
188,220	1	1105
188,225	1	1106
188,276	1	1107
188,714	1	1108
188,731	1	1109
188,821	1	1110
189	4	1111
189,134	1	1112
189,271	1	1113
189,679	1	1114
189,740	1	1115
189,902	1	1116
189,980	1	1117
189,986	1	1118
18blooming	2	1119
18eternal	3	1120
18mad	7	1121
18th	104	1122
19	8	1123
19,239	1	1124
19,264	1	1125
19,301	1	1126
19,303	1	1127
19,314	1	1128
19,315	1	1129
19,359	1	1130
19,380	1	1131
19,402	1	1132
19,442	1	1133
19,609	1	1134
19,679	1	1135
19,707	1	1136
19,708	1	1137
19,709	1	1138
19,732	1	1139
19,733	1	1140
190	10	1141
190,264	1	1142
190,278	1	1143
190,317	1	1144
190,333	1	1145
190,654	2	1146
190,661	1	1147
190,796	1	1148
190,852	1	1149
190,916	1	1150
190,929	1	1151
190,942	1	1152
190,998	1	1153
191	6	1154
191,080	1	1155
191,098	1	1156
191,107	1	1157
191,127	1	1158
191,166	1	1159
191,168	1	1160
191,173	1	1161
191,177	1	1162
191,178	1	1163
191,191	1	1164
191,215	1	1165
191,221	1	1166
191,238	1	1167
191,250	1	1168
191,257	1	1169
191,325	1	1170
191,372	1	1171
191,407	1	1172
191,412	1	1173
191,414	1	1174
191,577	1	1175
191,722	1	1176
1917	4199	1177
192	8	1178
192,073	1	1179
192,093	1	1180
193	2	1181
193,928	1	1182
194	4	1183
1944	3697	1184
195	12	1185
196	12	1186
196,099	1	1187
196,417	1	1188
196,675	1	1189
197	8	1190
197,053	1	1191
197,238	1	1192
197,526	1	1193
197,590	1	1194
197,693	1	1195
197,714	1	1196
197,823	1	1197
197,854	1	1198
197,968	1	1199
198	5	1200
198,032	1	1201
198,237	1	1202
198,245	1	1203
198,258	1	1204
198,728	1	1205
198,784	1	1206
198,859	1	1207
199	6	1208
199,323	1	1209
199,494	1	1210
19blooming	3	1211
19eternal	4	1212
19mad	5	1213
19th	123	1214
1pandemic	3791	1215
1st	39	1216
1thing	408	1217
2	4199	1218
2,260,092	1	1219
2,260,161	1	1220
2,262,669	1	1221
2,263,404	1	1222
2,265,732	1	1223
2,266,243	1	1224
2,266,518	1	1225
2,267,518	1	1226
2,267,534	1	1227
2,267,982	1	1228
2,268,510	1	1229
2,269,657	1	1230
2,271,752	1	1231
2,272,204	1	1232
2,310,501	1	1233
2,315,755	1	1234
2,316,518	1	1235
2,319,489	1	1236
2,320,642	1	1237
2,320,711	1	1238
2,320,931	1	1239
2,321,999	1	1240
2,322,021	1	1241
2,322,817	1	1242
2,323,109	1	1243
2,323,438	1	1244
2,324,126	1	1245
2,324,249	1	1246
2,324,888	1	1247
2,326,480	1	1248
2,326,832	1	1249
2,327,169	1	1250
2,327,397	1	1251
2,484,560	1	1252
2,488,612	1	1253
2,490,337	1	1254
2,492,133	1	1255
2.05	57	1256
2.15	10	1257
2.16	2	1258
2.17	56	1259
2.21	48	1260
2.29	5	1261
2.5	59	1262
2.54	22	1263
2.56	16	1264
2.57	10	1265
2.59	82	1266
2.61	3	1267
2.63	66	1268
2.66	16	1269
2.68	17	1270
2.70	8	1271
2.71	9	1272
2.73	14	1273
2.74	3	1274
2.76	11	1275
2.80	4	1276
2.81	9	1277
2.84	13	1278
2.86	30	1279
2.87	70	1280
2.88	67	1281
2.89	177	1282
2.91	64	1283
2.92	31	1284
2.93	93	1285
2.94	25	1286
2.95	37	1287
2.96	58	1288
2.99	19	1289
20	35	1290
20,313	1	1291
20,322	1	1292
20,330	1	1293
20,368	1	1294
20,400	1	1295
20,436	1	1296
20,450	1	1297
20,451	1	1298
20,593	1	1299
20,608	1	1300
20,624	1	1301
20,647	1	1302
20,663	1	1303
20,664	1	1304
20,674	1	1305
20,681	1	1306
20,682	1	1307
20,708	1	1308
20,713	1	1309
20,734	1	1310
20,738	1	1311
20,739	1	1312
20,759	1	1313
200	6	1314
200,081	1	1315
200,300	1	1316
200,321	1	1317
200,918	1	1318
2004	4199	1319
2007	2826	1320
2008	650	1321
2009	241	1322
201	11	1323
201,129	1	1324
201,158	1	1325
201,357	1	1326
201,466	1	1327
201,478	1	1328
201,572	1	1329
201,780	1	1330
201,840	1	1331
201,953	1	1332
2010	141	1333
2011	150	1334
2012	180	1335
2013	4199	1336
202	8	1337
202,332	1	1338
202,365	1	1339
202,379	1	1340
202,400	1	1341
202,411	1	1342
202,541	1	1343
203	14	1344
203,683	1	1345
204	5	1346
204,392	1	1347
204,624	1	1348
204,755	1	1349
204,764	1	1350
205	19	1351
206	8	1352
206,193	1	1353
206,285	1	1354
206,447	1	1355
206,561	1	1356
206,866	1	1357
206,885	1	1358
206,889	1	1359
206,923	1	1360
206,977	1	1361
207	8	1362
207,447	1	1363
207,531	1	1364
207,539	1	1365
207,724	1	1366
207,834	1	1367
207,863	1	1368
208	4	1369
208,124	1	1370
209	12	1371
209,073	1	1372
209,255	1	1373
209,272	1	1374
209,295	1	1375
209,375	1	1376
209,541	1	1377
209,563	1	1378
209,592	1	1379
209,593	1	1380
209,620	1	1381
209,624	1	1382
209,687	1	1383
209,702	1	1384
209,703	1	1385
209,704	1	1386
209,800	1	1387
209,819	1	1388
20th	83	1389
21	16	1390
21,067	1	1391
21,122	1	1392
21,129	1	1393
21,150	1	1394
21,156	1	1395
21,168	1	1396
21,177	1	1397
21,247	1	1398
21,267	1	1399
21,301	1	1400
21,304	1	1401
21,329	1	1402
21,331	1	1403
21,340	1	1404
21,342	1	1405
21,369	1	1406
21,463	1	1407
21,577	1	1408
21,589	1	1409
21,590	1	1410
21,866	1	1411
21,879	1	1412
21,899	1	1413
21,915	1	1414
21,944	1	1415
21,964	1	1416
21,985	1	1417
21,996	1	1418
210	10	1419
210,016	1	1420
210,113	1	1421
210,258	1	1422
210,268	1	1423
210,321	1	1424
210,354	1	1425
210,430	1	1426
210,820	1	1427
210,866	1	1428
210,919	1	1429
211	10	1430
211,114	1	1431
211,134	1	1432
211,247	1	1433
212	3	1434
213	16	1435
214	6	1436
215	9	1437
217	16	1438
218	5	1439
219	4	1440
219,727	1	1441
219,914	1	1442
21st	83	1443
22	8	1444
22,017	1	1445
22,018	1	1446
22,036	1	1447
22,411	1	1448
22,420	1	1449
22,455	1	1450
22,463	1	1451
22,467	1	1452
22,500	1	1453
22,503	1	1454
22,505	1	1455
22,512	1	1456
22,514	1	1457
22,518	1	1458
22,529	1	1459
22,535	1	1460
22,538	1	1461
22,539	1	1462
22,545	1	1463
22,546	1	1464
22,557	1	1465
22,559	1	1466
22,708	1	1467
22,709	1	1468
22,713	1	1469
22,714	1	1470
22,725	1	1471
22,740	1	1472
22,752	1	1473
22,774	1	1474
22,798	1	1475
22,801	1	1476
22,802	1	1477
22,803	1	1478
22,804	1	1479
22,806	1	1480
22,820	1	1481
22,821	1	1482
22,835	1	1483
22,838	1	1484
22,848	1	1485
22,849	1	1486
22,852	1	1487
22,853	1	1488
220	15	1489
220,092	1	1490
220,129	1	1491
220,386	1	1492
220,409	1	1493
220,440	1	1494
220,463	1	1495
220,486	1	1496
220,556	1	1497
220,620	1	1498
220,640	1	1499
220,695	1	1500
221	23	1501
222	6	1502
222,306	1	1503
222,327	1	1504
222,331	1	1505
222,337	1	1506
222,388	1	1507
222,734	1	1508
222,783	1	1509
223	3	1510
223,047	1	1511
223,156	1	1512
223,221	1	1513
223,304	1	1514
223,307	1	1515
223,309	1	1516
223,311	1	1517
223,328	1	1518
223,380	1	1519
223,405	1	1520
223,459	1	1521
223,463	1	1522
223,532	1	1523
223,707	2	1524
223,763	1	1525
223,784	1	1526
223,937	1	1527
224	22	1528
224,407	1	1529
224,550	1	1530
224,608	1	1531
224,622	1	1532
224,630	1	1533
224,659	1	1534
224,662	1	1535
224,667	1	1536
224,766	1	1537
224,794	1	1538
224,867	1	1539
224,876	1	1540
225	22	1541
225,000	1	1542
225,035	1	1543
225,049	1	1544
225,064	1	1545
225,207	1	1546
225,313	1	1547
226	9	1548
227	6	1549
228	10	1550
229	11	1551
22nd	83	1552
23	5	1553
23,140	1	1554
23,187	1	1555
23,206	1	1556
23,207	1	1557
23,215	1	1558
23,216	1	1559
23,218	1	1560
23,220	1	1561
23,224	1	1562
23,227	1	1563
23,242	1	1564
23,245	1	1565
23,617	1	1566
23,667	1	1567
23,690	1	1568
23,691	1	1569
23,692	1	1570
23,707	1	1571
23,717	1	1572
23,737	1	1573
23,769	1	1574
23,770	1	1575
23,785	1	1576
23,806	1	1577
230	17	1578
230,631	1	1579
230,748	1	1580
231	16	1581
231,696	1	1582
231,771	1	1583
231,866	1	1584
232	14	1585
232,001	1	1586
232,005	1	1587
232,038	1	1588
232,074	1	1589
232,129	1	1590
232,149	1	1591
232,158	1	1592
232,166	1	1593
232,171	1	1594
232,190	1	1595
232,191	1	1596
232,290	1	1597
232,374	1	1598
232,379	1	1599
232,439	1	1600
232,495	1	1601
232,496	1	1602
232,516	1	1603
232,522	1	1604
232,579	1	1605
232,588	1	1606
232,602	1	1607
232,728	1	1608
232,760	1	1609
232,823	1	1610
232,827	1	1611
232,865	1	1612
233	16	1613
233,083	1	1614
233,115	1	1615
233,138	1	1616
233,188	1	1617
233,190	1	1618
233,284	1	1619
233,314	1	1620
233,358	1	1621
233,389	1	1622
233,406	1	1623
233,418	1	1624
233,434	1	1625
233,489	1	1626
233,546	1	1627
233,585	1	1628
233,660	1	1629
234	11	1630
235	16	1631
236	16	1632
237	4	1633
238	14	1634
239	10	1635
23rd	126	1636
24	8	1637
24,052	1	1638
24,054	1	1639
24,058	1	1640
24,063	1	1641
24,064	1	1642
24,065	1	1643
24,077	1	1644
24,085	1	1645
24,119	1	1646
24,153	1	1647
24,177	1	1648
24,179	1	1649
24,180	1	1650
24,181	1	1651
24,182	1	1652
24,192	1	1653
24,200	1	1654
24,205	1	1655
24,206	1	1656
24,207	1	1657
24,208	1	1658
24,212	1	1659
24,214	1	1660
24,224	1	1661
24,227	2	1662
24,228	1	1663
24,239	1	1664
24,246	2	1665
24,247	1	1666
24,250	1	1667
24,251	1	1668
24,581	1	1669
24,682	1	1670
24,683	1	1671
24,713	1	1672
24,727	1	1673
24,742	1	1674
24,752	1	1675
24,757	1	1676
24,968	1	1677
24,969	1	1678
24,972	1	1679
240	7	1680
241	4	1681
242	5	1682
243	10	1683
243,656	1	1684
243,680	1	1685
243,848	1	1686
244	22	1687
244,195	1	1688
244,230	1	1689
244,760	1	1690
244,775	1	1691
244,827	1	1692
244,864	1	1693
244,944	1	1694
244,971	1	1695
244,996	1	1696
244,998	1	1697
245	8	1698
245,023	1	1699
246	11	1700
246,915	1	1701
247	12	1702
247,162	1	1703
247,207	1	1704
247,221	1	1705
247,287	1	1706
247,308	1	1707
247,492	1	1708
248	11	1709
249	5	1710
24th	28	1711
25	9	1712
25,056	1	1713
25,098	1	1714
25,102	1	1715
25,119	1	1716
25,142	1	1717
25,178	1	1718
25,186	1	1719
25,197	1	1720
25,203	1	1721
25,209	1	1722
25,227	1	1723
25,242	1	1724
25,251	1	1725
25,252	1	1726
25,257	1	1727
25,279	1	1728
25,487	1	1729
25,541	1	1730
25,561	1	1731
25,675	1	1732
25,967	1	1733
25,971	1	1734
250	8	1735
251	11	1736
252	9	1737
253	6	1738
253,129	1	1739
253,327	1	1740
253,607	1	1741
253,609	1	1742
253,628	1	1743
253,661	1	1744
253,668	1	1745
253,983	1	1746
254	7	1747
254,014	1	1748
254,144	1	1749
254,245	1	1750
254,337	1	1751
254,383	1	1752
254,441	1	1753
255	12	1754
255,201	1	1755
255,207	1	1756
255,266	1	1757
255,346	1	1758
255,384	1	1759
255,545	1	1760
255,547	1	1761
255,605	1	1762
255,608	1	1763
255,704	1	1764
255,730	1	1765
255,734	1	1766
255,750	1	1767
255,758	1	1768
255,770	1	1769
256	10	1770
257	9	1771
258	11	1772
259	9	1773
25th	96	1774
26	8	1775
26,033	1	1776
26,046	1	1777
26,086	1	1778
26,089	1	1779
26,104	1	1780
26,105	1	1781
26,108	1	1782
26,112	1	1783
26,133	1	1784
26,135	1	1785
26,146	1	1786
26,153	1	1787
26,208	1	1788
26,772	1	1789
26,778	1	1790
26,809	1	1791
26,818	1	1792
26,820	1	1793
26,847	1	1794
26,902	1	1795
26,905	1	1796
26,913	1	1797
26,935	1	1798
260,340	1	1799
260,342	1	1800
260,573	1	1801
260,582	1	1802
260,605	1	1803
260,678	1	1804
260,725	1	1805
261	10	1806
262	10	1807
263	6	1808
263,487	1	1809
263,711	1	1810
263,905	1	1811
264	8	1812
264,183	1	1813
264,228	1	1814
264,312	1	1815
264,698	1	1816
264,736	1	1817
264,769	1	1818
265	14	1819
266	11	1820
266,031	1	1821
266,145	1	1822
266,229	1	1823
266,301	1	1824
266,747	1	1825
266,846	1	1826
266,927	1	1827
266,933	1	1828
266,944	1	1829
267	8	1830
267,001	1	1831
267,194	1	1832
267,269	1	1833
267,275	1	1834
267,289	1	1835
267,322	1	1836
267,364	1	1837
267,377	1	1838
267,458	1	1839
267,484	1	1840
267,492	1	1841
268	13	1842
268,640	1	1843
268,807	1	1844
268,824	1	1845
268,872	1	1846
268,994	1	1847
269	8	1848
269,000	1	1849
269,237	1	1850
269,306	1	1851
269,938	1	1852
269,975	1	1853
269,980	1	1854
26th	57	1855
27	6	1856
27,112	1	1857
27,120	1	1858
27,134,520	1	1859
27,152,764	1	1860
27,153,904	1	1861
27,171,478	1	1862
27,178,233	1	1863
27,180,640	1	1864
27,216,091	1	1865
27,220,062	1	1866
27,243	1	1867
27,245,015	1	1868
27,247	1	1869
27,275	1	1870
27,275,995	1	1871
27,276	1	1872
27,277	1	1873
27,284	1	1874
27,285	1	1875
27,294,965	1	1876
27,295,331	1	1877
27,298,625	1	1878
27,303,005	1	1879
27,307,121	1	1880
27,309	1	1881
27,312,033	1	1882
27,324,009	1	1883
27,329	1	1884
27,346,324	1	1885
27,355	1	1886
27,359	1	1887
27,366,897	1	1888
27,367,048	1	1889
27,370,168	1	1890
27,385	1	1891
27,386,558	1	1892
27,390	1	1893
27,391,732	1	1894
27,395,158	1	1895
27,398	1	1896
27,403,072	1	1897
27,405	1	1898
27,409	1	1899
27,413	1	1900
27,415	1	1901
27,419	1	1902
27,454	1	1903
27,575	1	1904
27,576	1	1905
27,581	1	1906
27,607	1	1907
27,655	1	1908
27,686	1	1909
27,690	1	1910
27,696	1	1911
27,710	1	1912
27,737	1	1913
27,765	1	1914
27,774	1	1915
270	9	1916
270,078	1	1917
270,101	1	1918
270,125	1	1919
270,151	1	1920
270,178	1	1921
270,199	1	1922
271	16	1923
272	9	1924
272,096	1	1925
272,219	1	1926
272,228	1	1927
272,405	1	1928
272,478	1	1929
272,548	1	1930
272,554	1	1931
272,558	1	1932
272,563	1	1933
272,719	1	1934
272,767	1	1935
272,785	1	1936
272,807	1	1937
272,816	1	1938
272,867	1	1939
273	25	1940
274	4	1941
275	6	1942
276	11	1943
277	12	1944
277,611	1	1945
277,660	1	1946
277,724	1	1947
277,846	1	1948
277,869	1	1949
278	3	1950
278,217	1	1951
278,317	1	1952
278,494	1	1953
278,574	1	1954
278,617	1	1955
278,687	1	1956
278,769	1	1957
278,770	1	1958
278,858	1	1959
278,939	1	1960
278,946	1	1961
278,948	1	1962
279	14	1963
279,184	1	1964
279,192	1	1965
279,201	1	1966
279,305	1	1967
279,325	1	1968
279,956	1	1969
279,987	1	1970
27th	76	1971
28	11	1972
28,599	1	1973
28,639	1	1974
28,661	1	1975
28,667	1	1976
28,673	1	1977
28,677	1	1978
28,683	1	1979
28,689	1	1980
28,720	1	1981
28,760	1	1982
28,827	1	1983
28,835	1	1984
28,862	1	1985
28,866	1	1986
28,872	1	1987
28,873	1	1988
28,874	1	1989
28,875	1	1990
28,887	1	1991
28,889	1	1992
28,903	1	1993
28,919	1	1994
28,920	1	1995
28,925	1	1996
28,926	1	1997
28,927	1	1998
28,928	2	1999
28,937	1	2000
28,939	1	2001
28,946	1	2002
28,953	1	2003
28,954	1	2004
28,957	1	2005
28,960	1	2006
28,965	1	2007
28,969	1	2008
28,996	1	2009
280	3	2010
280,000	1	2011
280,062	1	2012
280,502	1	2013
280,591	1	2014
280,752	1	2015
280,755	1	2016
280,765	1	2017
280,802	1	2018
281	11	2019
282,461	1	2020
282,484	1	2021
282,519	1	2022
282,520	1	2023
283	5	2024
284	10	2025
285	13	2026
286	4	2027
287	12	2028
288	6	2029
289	9	2030
28th	71	2031
29	3	2032
29,265	1	2033
29,288	1	2034
29,349	1	2035
29,360	1	2036
29,364	1	2037
29,376	1	2038
29,420	1	2039
29,426	1	2040
29,514	1	2041
29,520	1	2042
29,553	1	2043
29,554	1	2044
29,579	1	2045
29,583	1	2046
29,592	1	2047
29,596	1	2048
29,598	1	2049
29,600	1	2050
29,605	1	2051
29,636	1	2052
29,685	1	2053
29,689	1	2054
29,699	1	2055
29,717	1	2056
29,725	1	2057
29,727	1	2058
29,735	1	2059
29,738	1	2060
29,770	1	2061
29,771	1	2062
290	7	2063
291	4	2064
292	7	2065
293	2	2066
294	31	2067
295	4	2068
296	13	2069
297	9	2070
298	6	2071
298,257	1	2072
298,267	1	2073
298,418	1	2074
298,458	1	2075
298,486	1	2076
298,566	1	2077
298,673	1	2078
298,716	1	2079
298,726	1	2080
298,734	1	2081
298,766	1	2082
299	17	2083
299,180	1	2084
299,223	1	2085
29th	60	2086
2d	8	2087
2nd	148	2088
2pandemic	408	2089
2play	80	2090
2thing	3791	2091
3	4199	2092
3,096,194	1	2093
3,096,308	1	2094
3,098,075	1	2095
3,100,039	1	2096
3,100,274	1	2097
3,104,794	1	2098
3,104,820	1	2099
3,105,608	1	2100
3,106,211	1	2101
3,106,609	1	2102
3,106,967	1	2103
3,107,150	1	2104
3,107,388	1	2105
3,107,946	1	2106
3,108,050	1	2107
3,108,186	1	2108
3,108,490	1	2109
3,108,768	1	2110
3,108,865	1	2111
3,108,917	1	2112
3,108,995	1	2113
3,109,246	1	2114
3,455,188	1	2115
3,455,274	1	2116
3,458,362	1	2117
3,458,424	1	2118
3,459,226	1	2119
3,459,763	1	2120
3,463,527	1	2121
3,464,219	1	2122
3,465,235	1	2123
3,466,019	1	2124
3,466,370	1	2125
3,466,512	1	2126
3,466,643	1	2127
3,520,542	1	2128
3,520,973	1	2129
3,528,234	1	2130
3,529,392	1	2131
3,530,663	1	2132
3,535,544	1	2133
3,540,224	1	2134
3.00	6	2135
3.01	106	2136
3.02	11	2137
3.03	112	2138
3.04	52	2139
3.05	54	2140
3.06	55	2141
3.07	96	2142
3.08	123	2143
3.09	17	2144
3.10	107	2145
3.11	176	2146
3.12	67	2147
3.13	121	2148
3.14	70	2149
3.15	61	2150
3.16	6	2151
3.17	132	2152
3.18	105	2153
3.19	96	2154
3.20	76	2155
3.21	22	2156
3.22	17	2157
3.23	110	2158
3.24	5	2159
3.25	6	2160
3.26	137	2161
3.27	92	2162
3.28	111	2163
3.29	209	2164
3.30	28	2165
3.32	181	2166
3.33	46	2167
3.34	64	2168
3.35	124	2169
3.36	35	2170
3.37	21	2171
3.38	72	2172
3.40	40	2173
3.41	88	2174
3.42	70	2175
3.43	248	2176
3.44	178	2177
3.45	215	2178
3.46	70	2179
3.47	114	2180
3.48	171	2181
3.49	79	2182
3.50	74	2183
3.51	38	2184
3.52	60	2185
3.53	8	2186
3.54	339	2187
3.55	476	2188
3.56	371	2189
3.57	170	2190
3.58	355	2191
3.59	146	2192
3.60	251	2193
3.61	136	2194
3.62	12	2195
3.63	142	2196
3.64	228	2197
3.65	407	2198
3.66	209	2199
3.67	85	2200
3.68	19	2201
3.69	190	2202
3.70	258	2203
3.71	129	2204
3.72	184	2205
3.73	100	2206
3.74	216	2207
3.75	133	2208
3.76	291	2209
3.77	215	2210
3.78	151	2211
3.79	84	2212
3.80	116	2213
3.81	100	2214
3.82	139	2215
3.83	241	2216
3.84	96	2217
3.85	98	2218
3.86	259	2219
3.87	135	2220
3.88	188	2221
3.89	17	2222
3.90	15	2223
3.91	301	2224
3.92	89	2225
3.93	150	2226
3.94	84	2227
3.95	185	2228
3.96	112	2229
3.97	124	2230
3.98	65	2231
3.99	138	2232
30	6	2233
30,640	1	2234
30,645	1	2235
30,767	1	2236
30,777	1	2237
30,780	1	2238
30,826	1	2239
30,833	1	2240
30,836	1	2241
30,913	1	2242
30,976	1	2243
300	7	2244
301	8	2245
302	9	2246
303	14	2247
304	7	2248
305	13	2249
306	12	2250
307	8	2251
307,050	1	2252
307,417	1	2253
308	15	2254
308,234	1	2255
308,273	1	2256
309	7	2257
30th	18	2258
31	11	2259
31,162	1	2260
31,198	1	2261
31,280	1	2262
31,284	1	2263
31,331	1	2264
31,344	1	2265
310	22	2266
310,399	1	2267
310,630	1	2268
310,632	1	2269
310,644	1	2270
310,645	1	2271
310,794	1	2272
310,868	1	2273
311	9	2274
311,215	1	2275
311,324	1	2276
311,326	1	2277
311,446	1	2278
311,461	1	2279
311,535	1	2280
311,573	1	2281
311,599	1	2282
311,600	1	2283
311,682	1	2284
311,695	1	2285
311,710	1	2286
312	9	2287
315	8	2288
316	8	2289
316,707	1	2290
317	4	2291
317,253	1	2292
317,278	1	2293
317,354	1	2294
317,381	1	2295
317,517	1	2296
317,527	1	2297
317,899	1	2298
317,930	1	2299
317,950	1	2300
318	15	2301
318,660	1	2302
319	7	2303
319,096	1	2304
319,177	1	2305
319,208	1	2306
319,237	1	2307
319,472	1	2308
319,563	1	2309
319,580	1	2310
319,631	1	2311
319,668	1	2312
319,700	1	2313
319,723	1	2314
319,734	1	2315
319,741	1	2316
31st	58	2317
32	20	2318
320	6	2319
320,184	1	2320
320,231	1	2321
320,340	1	2322
320,418	1	2323
320,488	1	2324
321	6	2325
321,751	1	2326
321,780	1	2327
321,785	1	2328
322	7	2329
322,012	1	2330
322,167	1	2331
322,198	1	2332
322,244	1	2333
322,292	1	2334
322,539	1	2335
322,770	1	2336
322,877	1	2337
322,878	1	2338
323	6	2339
323,176	1	2340
323,254	1	2341
324	4	2342
324,305	1	2343
324,326	1	2344
324,465	1	2345
324,908	1	2346
324,953	1	2347
325	11	2348
325,001	1	2349
325,158	1	2350
325,176	1	2351
325,466	1	2352
325,553	1	2353
325,562	1	2354
325,729	1	2355
326	5	2356
326,088	1	2357
326,137	1	2358
326,194	1	2359
326,223	1	2360
326,265	1	2361
326,357	1	2362
326,529	1	2363
326,730	1	2364
326,784	1	2365
326,785	1	2366
327	8	2367
328	3	2368
329	12	2369
33	8	2370
33,235	1	2371
33,246	1	2372
33,263	1	2373
33,278	1	2374
33,309	1	2375
33,355	1	2376
33,357	1	2377
33,361	1	2378
33,363	1	2379
33,364	1	2380
33,378	1	2381
33,386	1	2382
33,399	1	2383
33,404	1	2384
33,407	1	2385
33,412	1	2386
33,430	1	2387
33,435	1	2388
33,446	1	2389
33,470	1	2390
33,492	1	2391
33,512	1	2392
33,545	1	2393
33,563	1	2394
33,574	1	2395
33,580	1	2396
33,582	1	2397
33,586	1	2398
33,600	1	2399
33,606	1	2400
33,623	1	2401
33,706	1	2402
33,787	1	2403
33,797	1	2404
33,799	1	2405
33,800	1	2406
33,819	1	2407
33,821	1	2408
33,840	1	2409
33,859	1	2410
33,871	1	2411
33,881	1	2412
33,889	1	2413
33,891	1	2414
33,892	1	2415
33,895	1	2416
33,909	1	2417
33,921	1	2418
33,923	1	2419
33,934	1	2420
33,935	1	2421
330	1	2422
331	16	2423
332	22	2424
333	9	2425
334	8	2426
334,681	1	2427
335	4	2428
335,531	1	2429
335,542	1	2430
335,616	1	2431
335,787	1	2432
335,958	1	2433
336,013	1	2434
336,119	1	2435
336,951	1	2436
337	3	2437
337,071	1	2438
337,140	1	2439
337,145	1	2440
337,174	1	2441
337,225	1	2442
337,688	1	2443
337,697	1	2444
337,755	1	2445
337,771	1	2446
337,804	1	2447
337,808	1	2448
337,843	1	2449
337,866	1	2450
337,921	1	2451
338	10	2452
339	8	2453
34	8	2454
34,199	1	2455
34,201	1	2456
34,210	1	2457
34,277	1	2458
34,284	1	2459
34,289	1	2460
34,293	1	2461
34,306	1	2462
34,344	1	2463
34,349	1	2464
34,353	1	2465
34,371	1	2466
34,376	1	2467
34,381	1	2468
34,509	1	2469
34,522	1	2470
34,526	1	2471
34,539	1	2472
34,545	1	2473
34,562	1	2474
34,602	1	2475
34,610	1	2476
34,635	1	2477
34,636	1	2478
34,906	1	2479
34,959	1	2480
34,963	1	2481
340	12	2482
341	4	2483
342	7	2484
344	10	2485
345	1	2486
346	4	2487
346,208	1	2488
346,209	1	2489
346,307	1	2490
346,406	1	2491
346,685	1	2492
347	11	2493
347,133	1	2494
347,184	1	2495
347,320	1	2496
347,331	1	2497
347,410	1	2498
347,430	1	2499
347,479	1	2500
347,492	1	2501
347,497	1	2502
347,593	1	2503
347,666	1	2504
347,674	1	2505
347,682	1	2506
347,836	1	2507
348	12	2508
349	5	2509
35	8	2510
35,019	1	2511
35,021	1	2512
35,085	1	2513
35,092	1	2514
35,137	1	2515
35,144	1	2516
35,200	1	2517
35,215	1	2518
35,224	1	2519
35,226	1	2520
35,227	1	2521
35,269	1	2522
35,271	1	2523
35,275	1	2524
35,276	1	2525
35,290	1	2526
35,309	1	2527
35,310	2	2528
35,314	1	2529
35,322	1	2530
35,336	1	2531
35,344	1	2532
35,352	1	2533
35,355	1	2534
35,364	1	2535
35,365	1	2536
35,418	1	2537
35,424	1	2538
35,425	1	2539
35,452	1	2540
35,469	1	2541
35,487	1	2542
350	15	2543
351	8	2544
351,187	1	2545
351,225	1	2546
351,593	1	2547
351,707	1	2548
351,747	1	2549
351,926	1	2550
351,989	1	2551
352	5	2552
352,066	1	2553
352,424	1	2554
354	3	2555
355	15	2556
356	4	2557
357	13	2558
358	5	2559
359	12	2560
36,715	1	2561
36,725	1	2562
36,753	1	2563
36,836	1	2564
36,845	1	2565
36,868	1	2566
36,875	1	2567
36,884	1	2568
36,889	1	2569
36,919	1	2570
360	114	2571
360,326	1	2572
360,327	1	2573
360,341	1	2574
360,345	1	2575
360,368	1	2576
360,386	1	2577
360,708	1	2578
360,994	1	2579
361	8	2580
361,007	1	2581
361,010	1	2582
361,088	1	2583
361,096	1	2584
361,099	1	2585
361,139	1	2586
361,174	1	2587
361,192	1	2588
361,201	1	2589
361,208	1	2590
361,209	1	2591
361,214	1	2592
361,225	1	2593
361,242	1	2594
362	9	2595
363	4	2596
363,652	1	2597
363,678	1	2598
364	10	2599
364,350	1	2600
364,481	1	2601
364,591	1	2602
364,891	1	2603
364,894	1	2604
365	10	2605
365,392	1	2606
365,413	1	2607
365,423	1	2608
366	11	2609
367	20	2610
368	3	2611
369	8	2612
37	6	2613
37,728	1	2614
37,800	1	2615
37,859	1	2616
37,880	1	2617
37,894	1	2618
37,903	1	2619
370	10	2620
370,712	1	2621
371	8	2622
371,215	1	2623
371,532	1	2624
371,698	1	2625
371,895	1	2626
371,900	1	2627
372	7	2628
373	4	2629
374	21	2630
374,834	1	2631
375	10	2632
375,170	1	2633
375,243	1	2634
375,249	1	2635
375,333	1	2636
375,453	1	2637
375,629	1	2638
375,716	1	2639
376	5	2640
377	7	2641
378	9	2642
379	8	2643
38	15	2644
38,170	1	2645
38,199	1	2646
38,219	1	2647
38,238	1	2648
38,311	1	2649
38,318	1	2650
38,328	1	2651
38,343	1	2652
38,365	1	2653
38,374	1	2654
38,756	1	2655
38,778	1	2656
38,779	1	2657
38,784	1	2658
38,834	1	2659
38,836	1	2660
38,850	1	2661
38,855	1	2662
38,858	1	2663
38,900	1	2664
380	7	2665
381	1	2666
382	9	2667
383	16	2668
384	8	2669
385	3	2670
385,916	1	2671
386	8	2672
387	14	2673
387,144	1	2674
387,398	1	2675
388	8	2676
388,123	1	2677
388,285	1	2678
388,305	1	2679
388,322	1	2680
388,485	1	2681
389	7	2682
39	6	2683
39,379	1	2684
39,500	1	2685
39,508	1	2686
39,559	1	2687
390	6	2688
391	4	2689
392	10	2690
392,481	1	2691
392,616	1	2692
392,626	1	2693
393	6	2694
393,153	1	2695
393,188	1	2696
393,509	1	2697
393,632	1	2698
393,739	1	2699
394	4	2700
395	6	2701
396	8	2702
397	13	2703
398	11	2704
399	2	2705
399,135	1	2706
399,200	1	2707
399,278	1	2708
399,402	1	2709
399,446	1	2710
3d	178	2711
3raze	4199	2712
3rd	95	2713
4	4199	2714
4.00	129	2715
4.01	156	2716
4.02	181	2717
4.03	8	2718
4.04	55	2719
4.05	150	2720
4.07	8	2721
4.08	147	2722
4.09	127	2723
4.10	139	2724
4.11	168	2725
4.12	169	2726
4.13	175	2727
4.14	255	2728
4.15	527	2729
4.16	11	2730
4.19	37	2731
4.20	51	2732
4.21	8	2733
4.22	62	2734
4.24	167	2735
4.25	17	2736
4.26	56	2737
4.29	125	2738
4.32	18	2739
4.33	37	2740
4.35	6	2741
4.36	99	2742
40	9	2743
40,069	1	2744
40,070	1	2745
40,073	1	2746
40,089	1	2747
40,118	1	2748
40,251	1	2749
40,262	1	2750
40,264	1	2751
40,266	1	2752
40,282	1	2753
40,283	1	2754
40,284	1	2755
40,300	1	2756
40,305	1	2757
40,317	1	2758
40,319	1	2759
40,356	1	2760
40,394	1	2761
40,416	1	2762
40,437	1	2763
40,440	1	2764
40,442	1	2765
40,443	1	2766
40,446	1	2767
40,464	1	2768
40,468	1	2769
40,471	1	2770
40,496	1	2771
40,497	1	2772
40,503	1	2773
40,504	1	2774
40,506	1	2775
40,508	2	2776
40,509	1	2777
40,518	1	2778
40,521	1	2779
40,527	1	2780
40,538	1	2781
40,540	1	2782
40,564	1	2783
40,581	1	2784
40,588	1	2785
40,671	1	2786
40,703	1	2787
40,749	1	2788
40,755	1	2789
40,761	1	2790
40,783	1	2791
40,792	1	2792
40,795	1	2793
40,801	1	2794
40,809	1	2795
40,827	1	2796
40,837	1	2797
40,840	1	2798
40,844	1	2799
40,868	1	2800
40,869	1	2801
40,877	1	2802
40,911	1	2803
40,941	1	2804
40,950	1	2805
40,951	1	2806
40,957	1	2807
40,966	1	2808
40,978	1	2809
40,991	1	2810
40,995	1	2811
400	9	2812
400,018	1	2813
400,244	1	2814
400,378	1	2815
400,379	1	2816
400,394	1	2817
400,407	1	2818
400,417	1	2819
400,522	1	2820
400,588	1	2821
400,719	1	2822
400,875	1	2823
400,883	1	2824
400,928	1	2825
400,953	1	2826
400,982	1	2827
401	7	2828
401,230	1	2829
402	3	2830
402,203	1	2831
403	6	2832
404	5	2833
405	2	2834
405,763	1	2835
407	5	2836
409	5	2837
41	7	2838
41,008	1	2839
41,012	1	2840
41,023	1	2841
41,025	2	2842
41,028	1	2843
41,035	1	2844
41,062	1	2845
41,065	1	2846
41,085	1	2847
41,262	1	2848
41,288	1	2849
41,292	1	2850
41,397	1	2851
41,398	1	2852
41,404	1	2853
41,414	1	2854
41,445	1	2855
41,451	1	2856
41,494	1	2857
41,549	1	2858
41,550	1	2859
41,586	1	2860
41,663	1	2861
41,670	1	2862
41,695	2	2863
41,707	1	2864
41,731	1	2865
41,775	1	2866
41,796	1	2867
41,803	1	2868
41,811	1	2869
41,815	1	2870
41,837	2	2871
41,840	1	2872
41,847	1	2873
41,848	1	2874
41,853	1	2875
41,856	2	2876
41,868	1	2877
41,872	1	2878
41,873	1	2879
41,885	1	2880
41,907	1	2881
41,910	1	2882
41,913	1	2883
41,919	1	2884
410	11	2885
411	17	2886
412	6	2887
413	3	2888
414	15	2889
415	7	2890
415,374	1	2891
416	5	2892
417	6	2893
418	7	2894
418,638	1	2895
419	6	2896
419,377	1	2897
41st	54	2898
42	9	2899
42,289	1	2900
42,305	1	2901
42,310	1	2902
42,429	1	2903
42,452	1	2904
42,610	1	2905
42,644	1	2906
42,648	1	2907
42,650	1	2908
42,665	1	2909
42,667	1	2910
42,669	1	2911
42,703	1	2912
42,761	1	2913
42,771	1	2914
42,775	1	2915
42,823	1	2916
42,828	1	2917
42,840	1	2918
42,843	1	2919
42,886	1	2920
42,895	1	2921
42,900	1	2922
42,948	1	2923
420	11	2924
421	8	2925
422	8	2926
422,664	1	2927
422,666	1	2928
422,699	1	2929
422,743	1	2930
422,768	1	2931
422,879	1	2932
422,905	1	2933
422,977	1	2934
423	11	2935
423,000	1	2936
423,006	1	2937
423,060	1	2938
423,062	1	2939
423,166	1	2940
423,501	1	2941
424	10	2942
424,124	1	2943
424,330	1	2944
425	7	2945
425,186	1	2946
425,589	1	2947
425,935	1	2948
426	5	2949
426,275	1	2950
426,372	1	2951
426,380	1	2952
426,519	1	2953
426,612	1	2954
426,712	1	2955
426,784	1	2956
426,819	1	2957
426,862	1	2958
427	6	2959
427,002	1	2960
428	9	2961
429	8	2962
43	22	2963
43,392	1	2964
43,402	1	2965
43,469	1	2966
43,485	1	2967
43,507	1	2968
43,549	1	2969
43,579	1	2970
43,586	1	2971
43,589	1	2972
43,598	1	2973
43,629	1	2974
43,644	1	2975
43,646	1	2976
43,649	2	2977
43,654	1	2978
43,668	1	2979
43,698	1	2980
43,753	1	2981
43,755	1	2982
43,757	1	2983
43,804	1	2984
43,815	1	2985
43,818	1	2986
43,851	1	2987
43,852	1	2988
43,859	1	2989
43,860	1	2990
43,861	1	2991
43,945	1	2992
43,979	1	2993
43,994	1	2994
43,999	1	2995
430	4	2996
431	13	2997
432	12	2998
433	7	2999
434	11	3000
435	4	3001
436	1	3002
437	7	3003
438	4	3004
439	8	3005
44	13	3006
44,016	1	3007
44,114	1	3008
44,157	1	3009
44,166	1	3010
44,238	1	3011
44,275	1	3012
44,291	1	3013
44,346	1	3014
44,347	1	3015
44,468	1	3016
44,511	1	3017
44,583	1	3018
44,584	1	3019
44,588	1	3020
44,589	1	3021
44,609	1	3022
44,645	1	3023
44,659	1	3024
44,696	1	3025
44,725	1	3026
44,726	1	3027
44,727	1	3028
44,741	1	3029
44,758	1	3030
44,762	1	3031
44,840	1	3032
44,857	1	3033
44,875	1	3034
44,880	1	3035
44,892	1	3036
44,912	1	3037
44,915	1	3038
44,918	1	3039
44,920	1	3040
44,922	1	3041
44,985	1	3042
440	7	3043
441	13	3044
442	3	3045
443	7	3046
444	4	3047
445	6	3048
446	10	3049
447	5	3050
448	7	3051
449	11	3052
45	14	3053
45,028	1	3054
45,207	1	3055
45,221	1	3056
45,227	1	3057
45,348	1	3058
45,383	1	3059
45,385	1	3060
45,386	1	3061
45,432	1	3062
45,461	1	3063
45,490	1	3064
45,497	1	3065
45,505	1	3066
45,524	1	3067
45,760	1	3068
45,784	1	3069
45,835	1	3070
45,881	1	3071
45,885	1	3072
45,905	1	3073
45,912	1	3074
450	3	3075
450,937	1	3076
450,959	1	3077
451	7	3078
451,252	1	3079
451,666	1	3080
451,742	1	3081
452,108	1	3082
452,295	1	3083
452,308	1	3084
453,865	1	3085
453,994	1	3086
454,538	1	3087
455,033	1	3088
455,406	1	3089
455,456	1	3090
455,618	1	3091
456,084	1	3092
456,332	1	3093
456,345	1	3094
456,359	1	3095
46	3	3096
46,047	1	3097
46,095	1	3098
46,097	1	3099
46,100	1	3100
46,108	1	3101
46,110	1	3102
46,115	1	3103
46,129	1	3104
46,175	1	3105
46,195	1	3106
46,910	1	3107
46,911	1	3108
46,942	1	3109
460	18	3110
461	5	3111
462	9	3112
463	6	3113
464	12	3114
465	8	3115
466	5	3116
466,215	1	3117
466,611	1	3118
466,705	1	3119
466,827	1	3120
467	15	3121
467,850	1	3122
468	8	3123
469	12	3124
469,969	1	3125
47	62	3126
47,042	1	3127
47,078	1	3128
47,148	1	3129
47,653	1	3130
47,691	1	3131
47,733	1	3132
47,769	1	3133
47,771	1	3134
47,817	1	3135
47,826	1	3136
47,877	1	3137
47,897	1	3138
47,917	1	3139
47,931	1	3140
47,938	1	3141
470	17	3142
470,253	1	3143
470,361	1	3144
470,572	1	3145
470,578	1	3146
470,701	1	3147
470,953	1	3148
470,981	1	3149
471	17	3150
471,588	1	3151
471,718	1	3152
471,964	1	3153
472	12	3154
473	7	3155
473,310	1	3156
473,443	1	3157
473,516	1	3158
473,736	1	3159
474	12	3160
474,208	1	3161
474,258	1	3162
474,388	1	3163
474,480	1	3164
474,505	1	3165
474,564	1	3166
474,565	1	3167
474,603	1	3168
474,693	1	3169
474,727	1	3170
474,748	1	3171
474,897	1	3172
474,936	1	3173
475	19	3174
476	18	3175
477	11	3176
478	16	3177
479	15	3178
48,171	1	3179
48,247	1	3180
48,282	1	3181
48,809	1	3182
48,815	1	3183
48,829	1	3184
48,840	1	3185
48,882	1	3186
48,901	1	3187
48,943	1	3188
48,984	1	3189
48,992	1	3190
48,995	1	3191
481	6	3192
482	14	3193
483	21	3194
484	14	3195
485	6	3196
486	13	3197
487	13	3198
488	13	3199
489	12	3200
49	10	3201
49,009	1	3202
49,016	1	3203
49,017	1	3204
49,026	1	3205
49,047	1	3206
49,048	1	3207
49,049	1	3208
49,051	1	3209
49,064	1	3210
49,071	1	3211
49,073	1	3212
49,086	1	3213
49,093	1	3214
49,108	1	3215
49,123	1	3216
49,129	1	3217
49,130	1	3218
49,219	1	3219
49,227	1	3220
49,243	1	3221
49,304	1	3222
49,405	1	3223
49,422	1	3224
49,438	1	3225
49,443	1	3226
49,451	1	3227
49,459	1	3228
49,462	1	3229
49,466	1	3230
49,468	1	3231
49,474	1	3232
49,476	1	3233
49,479	1	3234
49,483	1	3235
49,497	1	3236
49,504	1	3237
49,506	1	3238
49,514	1	3239
49,529	1	3240
49,532	1	3241
49,533	1	3242
49,546	1	3243
49,599	1	3244
49,656	1	3245
49,658	1	3246
49,668	1	3247
49,682	1	3248
49,686	1	3249
49,687	2	3250
49,689	1	3251
49,692	1	3252
49,693	1	3253
49,714	1	3254
49,728	1	3255
49,752	1	3256
49,798	1	3257
49,805	1	3258
49,806	1	3259
49,816	1	3260
49,817	1	3261
49,819	1	3262
49,828	1	3263
49,830	1	3264
49,845	1	3265
49,849	1	3266
49,861	1	3267
49,863	1	3268
49,866	1	3269
49,893	1	3270
49,903	1	3271
49,920	2	3272
49,932	1	3273
49,937	1	3274
49,941	1	3275
49,958	1	3276
490	8	3277
491	10	3278
492	8	3279
4shadez	4199	3280
4th	47	3281
5	4199	3282
5,351,459	1	3283
5,351,591	1	3284
5,356,399	1	3285
5,784,013	1	3286
5,788,259	1	3287
5,807,553	1	3288
5,810,365	1	3289
5,813,494	1	3290
5,814,030	1	3291
5,814,371	1	3292
5,817,143	1	3293
5,820,953	1	3294
5,821,611	1	3295
5,830,857	1	3296
5,912,497	1	3297
5,913,179	1	3298
5,915,659	1	3299
5,915,711	1	3300
5,916,116	1	3301
5,918,766	1	3302
50	15	3303
50,606	1	3304
50,612	1	3305
50,630	1	3306
50,690	1	3307
50,823	1	3308
50,841	1	3309
50,848	1	3310
50,902	1	3311
50,917	1	3312
50,959	1	3313
506,779	1	3314
507,932	1	3315
508,166	1	3316
508,755	1	3317
509,171	1	3318
509,252	1	3319
509,360	1	3320
509,814	1	3321
51	5	3322
51,041	1	3323
51,098	1	3324
51,186	1	3325
51,199	1	3326
51,207	1	3327
51,208	1	3328
51,217	1	3329
51,230	1	3330
51,231	1	3331
51,267	1	3332
51,279	1	3333
51,280	1	3334
51,284	1	3335
51,315	1	3336
51,357	1	3337
51,387	1	3338
51,393	1	3339
51,540	1	3340
51,557	1	3341
51,561	1	3342
512,930	1	3343
513,401	1	3344
513,834	1	3345
513,839	1	3346
513,956	1	3347
513,982	1	3348
514,067	1	3349
514,078	1	3350
514,196	1	3351
514,228	1	3352
514,252	1	3353
514,569	1	3354
514,576	1	3355
514,708	1	3356
514,709	1	3357
514,790	1	3358
52	7	3359
52,942	1	3360
52,963	1	3361
52,982	1	3362
53	13	3363
53,153	1	3364
53,161	1	3365
53,164	1	3366
53,190	1	3367
53,686	1	3368
53,712	1	3369
53,725	1	3370
53,734	1	3371
53,758	1	3372
53,772	1	3373
53,863	1	3374
53,877	1	3375
53,878	1	3376
53,882	1	3377
53,894	1	3378
53,918	1	3379
53,922	1	3380
53,923	1	3381
53,925	1	3382
53,927	1	3383
53,946	1	3384
53,949	1	3385
53,954	1	3386
54	5	3387
549,509	1	3388
549,529	1	3389
549,692	1	3390
549,854	1	3391
549,878	1	3392
549,928	1	3393
549,968	1	3394
55	8	3395
55,018	1	3396
55,020	1	3397
55,158	1	3398
55,233	1	3399
55,239	1	3400
55,251	1	3401
55,255	1	3402
55,264	1	3403
55,267	1	3404
55,270	1	3405
55,293	1	3406
55,297	1	3407
55,303	1	3408
55,313	1	3409
55,318	1	3410
55,322	1	3411
55,324	1	3412
55,330	1	3413
55,336	1	3414
55,342	1	3415
55,348	1	3416
55,362	1	3417
55,382	1	3418
55,384	1	3419
55,390	1	3420
55,396	1	3421
55,402	1	3422
55,404	1	3423
55,405	1	3424
55,420	1	3425
55,457	1	3426
55,461	1	3427
55,477	1	3428
55,483	1	3429
55,485	1	3430
55,498	1	3431
55,502	1	3432
55,523	1	3433
55,524	1	3434
55,579	1	3435
555,476	1	3436
555,547	1	3437
555,597	1	3438
555,633	1	3439
555,928	1	3440
555,933	1	3441
556,183	1	3442
556,259	1	3443
56	7	3444
56,503	1	3445
56,504	1	3446
56,509	1	3447
56,541	1	3448
56,559	1	3449
56,578	1	3450
56,610	1	3451
56,662	1	3452
56,663	1	3453
56,664	1	3454
56,702	1	3455
56,739	1	3456
56,748	1	3457
56,919	1	3458
564,547	1	3459
566,984	1	3460
567,142	1	3461
567,240	1	3462
57	6	3463
57,023	1	3464
57,155	1	3465
57,201	1	3466
57,271	1	3467
57,275	1	3468
57,288	1	3469
57,361	1	3470
57,368	1	3471
57,416	2	3472
57,418	1	3473
57,433	1	3474
57,476	1	3475
57,510	1	3476
57,512	1	3477
57,609	1	3478
57,657	1	3479
57,666	1	3480
57,667	1	3481
57,706	1	3482
57,709	1	3483
57,725	1	3484
57,729	1	3485
57,777	1	3486
57,802	1	3487
57,813	1	3488
57,912	1	3489
57,928	1	3490
57,965	1	3491
58	22	3492
58,007	1	3493
58,017	1	3494
58,029	1	3495
58,040	1	3496
58,093	1	3497
58,123	1	3498
58,210	1	3499
58,223	1	3500
58,225	1	3501
58,232	1	3502
58,248	1	3503
58,283	1	3504
58,332	1	3505
58,335	1	3506
58,387	1	3507
58,406	1	3508
58,411	1	3509
58,422	1	3510
58,440	1	3511
58,442	1	3512
58,469	1	3513
58,486	1	3514
58,537	1	3515
58,545	1	3516
58,558	1	3517
58,563	1	3518
58,573	1	3519
58,605	1	3520
58,609	1	3521
58,621	1	3522
58,641	1	3523
58,646	1	3524
58,678	1	3525
58,700	1	3526
58,712	1	3527
582,991	1	3528
583,021	1	3529
584,073	1	3530
584,169	1	3531
584,575	1	3532
584,670	1	3533
585,607	1	3534
585,875	1	3535
585,926	1	3536
586,085	1	3537
586,234	1	3538
587,362	1	3539
587,400	1	3540
587,402	1	3541
587,406	1	3542
587,453	1	3543
587,700	1	3544
587,963	1	3545
588,171	1	3546
588,182	1	3547
588,185	1	3548
588,189	1	3549
588,191	1	3550
588,202	1	3551
588,215	1	3552
588,237	1	3553
588,322	1	3554
588,405	1	3555
588,413	1	3556
588,431	1	3557
588,437	1	3558
588,594	1	3559
588,709	1	3560
589,612	1	3561
589,674	1	3562
589,808	1	3563
59	7	3564
59,162	1	3565
59,175	2	3566
59,193	1	3567
59,199	1	3568
59,214	1	3569
59,223	1	3570
59,229	1	3571
59,232	1	3572
59,237	1	3573
59,240	1	3574
59,243	1	3575
59,251	1	3576
59,278	1	3577
59,280	1	3578
59,288	1	3579
59,290	1	3580
59,320	1	3581
59,339	1	3582
59,349	1	3583
59,351	1	3584
59,352	1	3585
59,358	1	3586
59,371	1	3587
59,372	1	3588
59,376	1	3589
59,377	1	3590
59,380	1	3591
59,381	1	3592
59,384	1	3593
59,389	1	3594
59,395	1	3595
59,406	1	3596
59,412	1	3597
59,417	1	3598
59,421	1	3599
59,422	1	3600
59,424	1	3601
59,434	1	3602
590,341	1	3603
590,949	1	3604
591,083	1	3605
591,693	1	3606
591,778	1	3607
591,887	1	3608
591,898	1	3609
592,022	1	3610
592,076	1	3611
592,296	1	3612
592,439	1	3613
592,445	1	3614
592,509	1	3615
592,687	1	3616
592,802	1	3617
5boxhead	3304	3618
5shadez	895	3619
5th	109	3620
6	140	3621
6,235,476	1	3622
6,235,479	1	3623
6,265,945	1	3624
6,269,540	1	3625
6,270,222	1	3626
6,270,626	1	3627
6,272,561	1	3628
6,272,843	1	3629
6,273,684	1	3630
6,273,783	1	3631
6,275,242	1	3632
6,276,401	1	3633
6,278,002	1	3634
6,291,775	1	3635
60	2	3636
60,149	1	3637
60,151	1	3638
60,152	1	3639
60,168	1	3640
60,190	1	3641
60,200	1	3642
60,242	1	3643
60,273	1	3644
60,275	1	3645
60,309	1	3646
60,310	1	3647
60,311	1	3648
60,314	1	3649
60,319	1	3650
60,325	1	3651
60,327	1	3652
60,334	1	3653
60,339	1	3654
60,340	1	3655
60,341	1	3656
60,342	1	3657
60,350	1	3658
60,352	1	3659
60,353	2	3660
60,356	1	3661
60,360	1	3662
60,366	1	3663
60,374	1	3664
60,375	1	3665
60,383	1	3666
60,387	2	3667
60,404	1	3668
60,410	1	3669
60,411	1	3670
60,412	2	3671
60,415	1	3672
60,416	1	3673
60,419	1	3674
60,420	1	3675
60,430	1	3676
60,439	1	3677
60,440	1	3678
60,441	1	3679
60,677	1	3680
60,748	1	3681
60,758	1	3682
60,779	1	3683
60,788	1	3684
60,789	1	3685
60,828	1	3686
60,841	1	3687
60,858	1	3688
60,867	1	3689
60,880	1	3690
60,897	2	3691
60,898	1	3692
60,929	1	3693
60,988	1	3694
60,989	1	3695
60,990	1	3696
60,996	1	3697
609,935	1	3698
61	4	3699
61,009	1	3700
61,023	1	3701
61,033	1	3702
61,042	1	3703
61,053	1	3704
61,059	1	3705
61,070	1	3706
61,096	1	3707
61,268	1	3708
61,492	1	3709
61,501	1	3710
61,610	1	3711
61,656	1	3712
61,697	1	3713
61,716	1	3714
61,720	1	3715
61,815	1	3716
61,833	1	3717
61,863	1	3718
61,881	1	3719
61,948	1	3720
61,953	1	3721
61,955	1	3722
610,160	1	3723
610,474	1	3724
611,033	1	3725
611,299	1	3726
611,392	1	3727
612,101	1	3728
612,278	1	3729
612,452	1	3730
612,584	1	3731
612,615	1	3732
614,054	1	3733
614,080	1	3734
614,436	1	3735
614,482	1	3736
614,493	1	3737
614,498	1	3738
614,634	1	3739
614,768	1	3740
615,090	1	3741
615,377	1	3742
615,732	1	3743
615,937	1	3744
616,057	1	3745
616,074	1	3746
616,130	1	3747
616,133	1	3748
616,138	1	3749
616,141	1	3750
616,222	1	3751
616,330	1	3752
616,341	1	3753
616,382	1	3754
616,383	1	3755
616,407	1	3756
616,456	1	3757
616,481	1	3758
616,530	1	3759
616,645	1	3760
616,648	1	3761
616,763	1	3762
616,777	1	3763
616,801	1	3764
617,173	1	3765
617,258	1	3766
617,297	1	3767
617,312	1	3768
62	19	3769
62,051	1	3770
62,062	1	3771
62,097	1	3772
62,137	1	3773
62,168	1	3774
62,172	1	3775
62,182	1	3776
62,199	1	3777
62,204	1	3778
62,207	1	3779
62,215	1	3780
62,219	1	3781
62,235	1	3782
62,271	1	3783
62,272	1	3784
62,278	1	3785
62,292	1	3786
62,293	1	3787
62,348	1	3788
62,365	1	3789
62,378	1	3790
62,448	1	3791
62,461	1	3792
62,462	1	3793
62,465	1	3794
62,476	1	3795
62,480	1	3796
62,486	1	3797
62,493	1	3798
62,497	1	3799
62,501	1	3800
62,507	1	3801
62,508	1	3802
62,527	1	3803
62,571	1	3804
62,581	1	3805
62,716	1	3806
62,751	1	3807
62,775	1	3808
62,792	1	3809
62,804	1	3810
62,842	1	3811
62,892	1	3812
62,978	1	3813
627,423	1	3814
627,577	1	3815
627,849	1	3816
628,544	1	3817
628,977	1	3818
629,648	1	3819
629,719	1	3820
629,921	1	3821
63	16	3822
63,005	1	3823
63,007	1	3824
63,604	1	3825
63,615	1	3826
63,819	1	3827
63,822	1	3828
63,874	1	3829
63,899	1	3830
64	11	3831
64,038	1	3832
64,053	1	3833
64,118	1	3834
64,175	1	3835
64,262	1	3836
64,264	1	3837
64,270	1	3838
64,373	1	3839
64,374	1	3840
64,408	1	3841
64,410	1	3842
64,417	1	3843
64,448	1	3844
64,539	1	3845
64,593	1	3846
64,602	1	3847
64,603	1	3848
64,615	1	3849
64,628	1	3850
64,632	1	3851
64,641	1	3852
64,648	1	3853
64,653	1	3854
64,670	1	3855
64,675	1	3856
64,686	1	3857
64,710	1	3858
64,721	1	3859
64,741	1	3860
64,743	1	3861
64,862	1	3862
64,945	1	3863
64,946	1	3864
64,964	1	3865
64,984	1	3866
64,990	1	3867
646,280	1	3868
648,503	1	3869
65	9	3870
65,008	1	3871
65,009	1	3872
65,029	1	3873
65,063	1	3874
65,091	1	3875
65,102	1	3876
65,161	1	3877
65,184	1	3878
65,249	1	3879
65,274	1	3880
65,277	1	3881
65,309	1	3882
65,321	1	3883
65,331	1	3884
65,334	1	3885
65,342	1	3886
65,349	1	3887
65,372	1	3888
65,399	1	3889
65,402	1	3890
65,413	1	3891
65,415	1	3892
65,428	1	3893
65,457	1	3894
65,467	1	3895
65,475	1	3896
65,496	1	3897
65,498	1	3898
65,502	1	3899
65,508	1	3900
65,513	1	3901
65,519	1	3902
65,525	1	3903
65,528	1	3904
65,542	1	3905
65,550	1	3906
65,600	1	3907
650,456	1	3908
650,499	1	3909
650,512	1	3910
66	4	3911
66,036	1	3912
66,062	1	3913
66,126	1	3914
66,212	1	3915
66,221	1	3916
66,232	1	3917
66,265	1	3918
66,297	1	3919
668,402	1	3920
669,709	1	3921
67	10	3922
67,010	1	3923
67,190	1	3924
67,245	1	3925
67,251	1	3926
67,255	1	3927
67,276	1	3928
67,278	1	3929
67,279	1	3930
67,605	1	3931
67,616	1	3932
67,638	1	3933
67,676	1	3934
67,732	1	3935
67,763	1	3936
67,776	1	3937
67,786	1	3938
67,788	1	3939
67,811	1	3940
67,835	1	3941
67,857	1	3942
67,864	1	3943
670,294	1	3944
670,740	1	3945
670,793	1	3946
671,149	1	3947
676,716	1	3948
677,919	1	3949
677,990	1	3950
678,513	1	3951
679,105	1	3952
679,163	1	3953
679,209	1	3954
68	9	3955
68,140	1	3956
68,153	1	3957
68,159	1	3958
68,196	1	3959
68,202	1	3960
68,219	1	3961
68,236	1	3962
68,240	1	3963
68,255	1	3964
68,282	1	3965
68,327	2	3966
68,362	1	3967
68,398	1	3968
68,403	1	3969
68,428	1	3970
68,434	1	3971
68,463	1	3972
68,470	1	3973
68,486	1	3974
68,487	1	3975
68,498	1	3976
68,500	1	3977
68,540	1	3978
68,541	1	3979
68,559	1	3980
68,582	1	3981
68,584	1	3982
68,603	1	3983
68,624	1	3984
68,642	1	3985
68,966	1	3986
69	3	3987
69,010	1	3988
69,032	1	3989
69,066	1	3990
69,072	1	3991
69,128	1	3992
69,145	1	3993
69,154	1	3994
69,176	1	3995
69,179	1	3996
69,394	1	3997
69,529	1	3998
69,550	1	3999
69,740	1	4000
69,804	1	4001
69,864	1	4002
69,900	1	4003
69,901	1	4004
69,949	1	4005
695,527	1	4006
695,754	1	4007
695,837	1	4008
696,165	1	4009
696,271	1	4010
696,295	1	4011
6boxhead	895	4012
6shadez	3304	4013
6th	16	4014
7	25	4015
70	5	4016
70,001	1	4017
70,031	1	4018
70,096	1	4019
70,139	1	4020
70,199	1	4021
70,221	1	4022
70,239	1	4023
70,285	1	4024
70,294	1	4025
70,348	1	4026
70,366	1	4027
70,380	1	4028
70,381	1	4029
70,937	1	4030
70,947	1	4031
71,137	1	4032
71,146	1	4033
71,161	1	4034
71,189	1	4035
71,204	1	4036
71,211	1	4037
71,212	1	4038
71,217	1	4039
71,245	1	4040
71,282	1	4041
71,284	1	4042
71,288	1	4043
71,291	1	4044
71,352	1	4045
71,368	1	4046
71,380	2	4047
71,416	1	4048
71,428	1	4049
71,434	1	4050
71,435	1	4051
71,438	1	4052
71,442	1	4053
71,453	1	4054
71,466	1	4055
71,476	1	4056
71,479	1	4057
71,498	1	4058
71,519	1	4059
71,520	1	4060
71,540	1	4061
71,542	1	4062
71,575	1	4063
71,579	1	4064
71,621	1	4065
71,636	1	4066
71,663	1	4067
71,665	1	4068
71,681	1	4069
71,690	1	4070
71,697	1	4071
71,707	1	4072
71,711	1	4073
71,716	1	4074
71,721	1	4075
71,728	2	4076
71,754	1	4077
71,762	1	4078
71,763	1	4079
71,765	1	4080
71,770	1	4081
71,774	1	4082
71,787	1	4083
71,857	1	4084
71,865	1	4085
71,868	1	4086
71,870	1	4087
71,873	1	4088
71,876	1	4089
71,877	1	4090
71,879	1	4091
71,924	1	4092
71,955	1	4093
71,959	1	4094
71,961	1	4095
71,962	1	4096
71,966	1	4097
71,971	1	4098
71,973	1	4099
71,991	1	4100
716,634	1	4101
718,789	1	4102
719,487	1	4103
72,021	1	4104
72,035	1	4105
72,039	1	4106
72,040	1	4107
72,046	1	4108
72,082	1	4109
72,170	1	4110
72,214	1	4111
72,229	1	4112
72,237	1	4113
72,246	1	4114
72,268	1	4115
72,614	1	4116
72,676	1	4117
72,681	1	4118
72,801	1	4119
72,805	1	4120
72,807	1	4121
72,844	1	4122
72,846	1	4123
72,854	1	4124
72,860	1	4125
72,861	1	4126
72,945	1	4127
72,946	1	4128
73	12	4129
73,007	1	4130
73,025	1	4131
73,028	1	4132
73,064	1	4133
73,081	1	4134
73,114	1	4135
73,328	1	4136
73,437	1	4137
73,497	1	4138
73,663	1	4139
73,689	1	4140
73,718	1	4141
73,719	1	4142
73,845	1	4143
73,846	1	4144
73,897	1	4145
73,903	1	4146
73,923	1	4147
73,931	1	4148
73,934	1	4149
73,952	1	4150
73,953	1	4151
73,957	1	4152
73,978	1	4153
73,983	1	4154
73,984	1	4155
74	14	4156
74,042	1	4157
74,208	1	4158
74,319	1	4159
74,391	1	4160
74,467	1	4161
74,583	1	4162
74,592	1	4163
74,767	1	4164
74,955	1	4165
74,963	1	4166
74,992	1	4167
75,073	1	4168
75,081	1	4169
75,082	1	4170
75,084	1	4171
75,085	2	4172
75,106	1	4173
75,143	1	4174
75,192	1	4175
75,209	1	4176
75,254	1	4177
75,292	1	4178
75,320	1	4179
75,327	1	4180
75,389	1	4181
75,402	1	4182
75,412	1	4183
75,429	1	4184
75,438	1	4185
75,480	1	4186
75,481	1	4187
75,510	1	4188
75,616	1	4189
75,722	1	4190
75,757	1	4191
75,842	1	4192
75,877	1	4193
75,959	1	4194
75,962	1	4195
75,964	1	4196
75,988	1	4197
75,992	1	4198
759,393	1	4199
759,746	1	4200
759,757	1	4201
759,786	1	4202
76	9	4203
76,032	1	4204
76,104	1	4205
76,111	1	4206
76,125	1	4207
76,153	1	4208
76,174	1	4209
76,191	1	4210
76,215	1	4211
76,237	1	4212
76,242	1	4213
76,248	1	4214
76,263	1	4215
76,275	1	4216
76,284	1	4217
760,145	1	4218
760,208	1	4219
760,434	1	4220
760,560	1	4221
760,654	1	4222
760,810	1	4223
760,907	1	4224
761,040	1	4225
761,133	1	4226
761,194	1	4227
761,324	1	4228
761,430	1	4229
761,463	1	4230
761,501	1	4231
761,532	1	4232
761,785	1	4233
761,810	1	4234
761,939	1	4235
762,056	1	4236
762,160	1	4237
762,507	1	4238
762,867	1	4239
762,988	1	4240
763,074	1	4241
767,831	1	4242
767,943	1	4243
768,081	1	4244
768,395	1	4245
768,492	1	4246
768,749	1	4247
769,015	1	4248
769,148	1	4249
769,292	1	4250
769,912	1	4251
77	11	4252
77,342	1	4253
77,472	1	4254
77,531	1	4255
77,535	1	4256
77,550	1	4257
77,585	1	4258
77,593	1	4259
77,619	2	4260
77,636	1	4261
77,650	1	4262
77,709	1	4263
77,717	1	4264
77,753	1	4265
77,770	1	4266
77,794	1	4267
77,850	1	4268
77,854	1	4269
77,860	1	4270
77,863	1	4271
77,907	1	4272
77,916	1	4273
77,919	1	4274
77,939	1	4275
77,962	1	4276
77,963	1	4277
77,973	1	4278
77,987	1	4279
77,995	1	4280
770,284	1	4281
770,297	1	4282
770,553	1	4283
770,628	1	4284
770,797	2	4285
770,848	1	4286
770,967	1	4287
771,542	1	4288
771,547	1	4289
771,955	1	4290
772,073	1	4291
772,235	1	4292
772,307	1	4293
772,530	1	4294
772,536	1	4295
772,605	1	4296
772,650	1	4297
772,721	1	4298
773,168	1	4299
773,177	1	4300
773,557	1	4301
773,573	1	4302
773,697	1	4303
773,707	1	4304
773,750	1	4305
773,824	1	4306
773,890	1	4307
773,962	1	4308
773,978	1	4309
774,349	1	4310
774,425	1	4311
78	9	4312
78,012	1	4313
78,014	1	4314
78,030	1	4315
78,060	1	4316
78,085	1	4317
78,086	1	4318
78,266	1	4319
78,318	1	4320
78,326	1	4321
78,352	1	4322
795,994	1	4323
796,242	1	4324
796,261	1	4325
797,019	1	4326
797,278	1	4327
797,716	1	4328
798,008	1	4329
7th	91	4330
7thing	4199	4331
8	53	4332
8,129,886	1	4333
8,129,949	1	4334
8,131,374	1	4335
8,152,920	1	4336
8,154,724	1	4337
8,229,358	1	4338
8,232,641	1	4339
8,238,602	1	4340
8,256,411	1	4341
8,263,030	1	4342
8,267,169	1	4343
8,268,431	1	4344
8,269,297	1	4345
8,271,268	1	4346
8,271,897	1	4347
8,271,993	1	4348
8,274,085	1	4349
8,277,134	1	4350
8,291,455	1	4351
8,292,979	1	4352
8,294,454	1	4353
8,706,500	1	4354
8,715,889	1	4355
8,735,588	1	4356
8,752,881	1	4357
8,766,767	1	4358
8,779,032	1	4359
8,781,013	1	4360
8,783,493	1	4361
80	6	4362
80,650	1	4363
80,661	1	4364
80,676	1	4365
80,709	1	4366
80,719	1	4367
80,757	1	4368
80,844	1	4369
80,893	1	4370
80,899	1	4371
80,928	1	4372
80,939	1	4373
80,959	1	4374
80,961	1	4375
80,967	1	4376
80,973	1	4377
80,991	1	4378
807,961	1	4379
808,271	1	4380
808,274	1	4381
808,502	1	4382
808,508	1	4383
808,566	1	4384
809,351	1	4385
809,442	1	4386
809,511	1	4387
809,520	1	4388
809,544	1	4389
809,545	1	4390
809,556	1	4391
809,587	1	4392
809,709	1	4393
809,883	1	4394
809,998	1	4395
81	14	4396
81,070	1	4397
81,077	1	4398
81,178	1	4399
81,194	1	4400
81,202	1	4401
81,234	1	4402
81,240	1	4403
81,250	1	4404
81,256	1	4405
81,262	1	4406
81,274	1	4407
81,275	1	4408
81,277	1	4409
81,291	1	4410
81,322	1	4411
81,326	1	4412
81,394	1	4413
81,477	1	4414
81,495	1	4415
81,504	1	4416
81,511	1	4417
81,515	1	4418
81,539	1	4419
81,627	1	4420
81,635	1	4421
810,069	1	4422
810,094	1	4423
82,106	1	4424
82,144	1	4425
82,392	1	4426
82,408	1	4427
82,423	1	4428
82,440	1	4429
82,447	1	4430
82,525	1	4431
82,526	1	4432
82,727	1	4433
82,752	1	4434
82,763	1	4435
82,791	1	4436
82,827	1	4437
82,853	1	4438
82,869	1	4439
82,895	1	4440
82,987	1	4441
83	10	4442
83,008	1	4443
83,013	1	4444
83,029	1	4445
83,052	1	4446
83,058	1	4447
83,063	1	4448
83,064	1	4449
83,065	1	4450
83,107	1	4451
83,108	1	4452
83,122	1	4453
83,140	1	4454
83,580	1	4455
83,598	1	4456
83,617	1	4457
83,782	1	4458
83,826	1	4459
83,841	1	4460
83,864	1	4461
83,914	1	4462
83,929	1	4463
84	9	4464
84,228	1	4465
84,250	1	4466
84,280	1	4467
84,306	1	4468
84,671	1	4469
84,694	1	4470
84,750	1	4471
84,808	1	4472
84,885	1	4473
85	4	4474
85,007	1	4475
85,009	1	4476
85,010	1	4477
85,033	1	4478
85,035	1	4479
85,068	1	4480
85,080	1	4481
85,098	1	4482
85,158	1	4483
85,284	1	4484
85,293	1	4485
85,308	1	4486
85,309	1	4487
85,318	1	4488
85,322	1	4489
85,344	1	4490
85,363	1	4491
85,392	1	4492
85,414	1	4493
85,416	1	4494
85,471	1	4495
85,474	1	4496
85,477	1	4497
85,478	1	4498
85,486	1	4499
85,561	1	4500
85,600	1	4501
85,611	1	4502
85,620	1	4503
85,628	1	4504
85,638	1	4505
85,640	1	4506
85,642	1	4507
85,644	1	4508
85,647	1	4509
85,678	1	4510
85,680	1	4511
85,685	1	4512
85,687	2	4513
85,693	1	4514
85,698	1	4515
85,707	1	4516
85,710	1	4517
85,712	1	4518
85,731	1	4519
85,734	1	4520
85,749	1	4521
85,767	1	4522
85,771	1	4523
85,772	1	4524
85,776	1	4525
85,782	1	4526
85,809	1	4527
85,815	1	4528
85,818	1	4529
85,822	1	4530
85,835	1	4531
85,887	1	4532
85,890	1	4533
85,955	1	4534
85,971	1	4535
857,582	1	4536
858,481	1	4537
859,540	1	4538
859,710	1	4539
86	11	4540
86,067	1	4541
86,310	1	4542
86,326	1	4543
86,385	1	4544
86,403	1	4545
86,413	1	4546
86,415	1	4547
86,458	1	4548
86,459	1	4549
86,590	1	4550
86,592	1	4551
86,605	1	4552
86,685	1	4553
86,724	1	4554
86,726	1	4555
86,737	1	4556
86,749	1	4557
86,750	1	4558
86,751	1	4559
86,756	1	4560
86,761	1	4561
86,776	1	4562
86,802	1	4563
86,805	1	4564
86,808	1	4565
86,824	1	4566
860,109	1	4567
862,319	1	4568
862,550	1	4569
864,381	1	4570
87,177	1	4571
87,205	1	4572
87,227	1	4573
87,257	1	4574
87,328	1	4575
87,353	1	4576
87,429	1	4577
87,449	1	4578
87,459	1	4579
87,470	1	4580
87,525	1	4581
87,542	1	4582
87,556	1	4583
87,559	1	4584
87,652	1	4585
87,655	1	4586
87,666	1	4587
87,750	1	4588
87,768	1	4589
87,771	1	4590
87,792	1	4591
87,828	1	4592
87,851	1	4593
87,864	1	4594
87,873	1	4595
87,931	1	4596
87,933	1	4597
87,936	1	4598
87,984	1	4599
87,989	1	4600
87,994	1	4601
87,997	1	4602
88	9	4603
88,054	1	4604
88,061	1	4605
88,068	1	4606
88,084	1	4607
88,102	1	4608
88,103	1	4609
88,105	1	4610
88,129	1	4611
88,165	1	4612
88,219	1	4613
88,234	1	4614
88,325	1	4615
88,367	1	4616
88,513	1	4617
88,548	1	4618
88,553	1	4619
88,599	1	4620
88,606	1	4621
88,611	1	4622
88,659	1	4623
887,658	1	4624
888,618	1	4625
889,000	1	4626
889,053	1	4627
89	10	4628
890,982	1	4629
892,242	1	4630
8boxhead	1424	4631
8th	58	4632
8thing	2775	4633
9	136	4634
90,154	1	4635
90,159	1	4636
90,212	1	4637
90,221	1	4638
90,297	1	4639
90,309	1	4640
90,344	1	4641
90,399	1	4642
90,400	1	4643
90,452	1	4644
90,474	1	4645
90,476	1	4646
90,480	1	4647
90,608	1	4648
90,790	1	4649
90,799	1	4650
90,812	1	4651
90,915	1	4652
90,931	1	4653
90,938	1	4654
91,014	1	4655
91,017	1	4656
91,031	1	4657
91,038	1	4658
91,040	1	4659
91,051	1	4660
91,058	1	4661
91,157	1	4662
91,265	1	4663
91,310	1	4664
91,495	1	4665
91,509	1	4666
91,590	1	4667
91,598	1	4668
91,602	1	4669
91,657	1	4670
91,704	1	4671
91,729	1	4672
91,730	1	4673
91,734	1	4674
91,737	1	4675
91,761	1	4676
91,770	1	4677
91,792	1	4678
91,819	1	4679
91,820	1	4680
91,865	1	4681
91,866	1	4682
91,876	1	4683
91,879	1	4684
91,901	1	4685
91,903	1	4686
91,911	1	4687
91,914	1	4688
91,943	1	4689
91,950	1	4690
92	7	4691
92,002	1	4692
92,129	1	4693
92,144	1	4694
92,195	1	4695
92,235	1	4696
92,303	1	4697
92,384	1	4698
92,429	1	4699
92,430	1	4700
92,440	1	4701
92,552	1	4702
92,575	1	4703
92,610	1	4704
92,618	1	4705
92,663	1	4706
92,668	1	4707
92,689	1	4708
92,751	1	4709
92,830	1	4710
92,858	1	4711
92,953	1	4712
92,954	1	4713
92,955	1	4714
92,964	1	4715
92,966	1	4716
92,986	1	4717
93	12	4718
93,111	1	4719
93,353	1	4720
93,387	1	4721
93,429	1	4722
93,461	1	4723
93,462	1	4724
93,617	1	4725
93,754	1	4726
93,806	1	4727
93,833	1	4728
93,945	1	4729
93,961	1	4730
94	17	4731
94,003	1	4732
94,033	1	4733
94,049	1	4734
94,094	1	4735
94,195	1	4736
94,295	1	4737
94,324	1	4738
94,340	1	4739
94,457	1	4740
94,470	1	4741
95,098	1	4742
95,319	1	4743
95,500	1	4744
95,585	1	4745
95,903	1	4746
95,907	1	4747
95,914	1	4748
96,259	1	4749
96,316	1	4750
96,319	1	4751
97,060	1	4752
97,098	1	4753
97,205	1	4754
97,405	1	4755
97,409	1	4756
97,410	1	4757
97,439	1	4758
97,444	1	4759
97,534	1	4760
97,553	1	4761
97,719	1	4762
97,769	1	4763
97,942	1	4764
97,951	1	4765
97,998	1	4766
98	7	4767
98,005	1	4768
98,053	1	4769
98,069	1	4770
98,092	1	4771
98,130	1	4772
98,199	1	4773
98,217	1	4774
98,220	1	4775
98,240	2	4776
98,265	1	4777
98,266	1	4778
98,275	1	4779
98,315	1	4780
98,319	1	4781
98,376	1	4782
98,384	1	4783
98,394	1	4784
98,446	1	4785
98,461	1	4786
98,463	1	4787
98,495	1	4788
98,546	1	4789
98,567	1	4790
98,576	1	4791
98,589	1	4792
98,597	1	4793
98,598	1	4794
98,639	1	4795
98,647	1	4796
98,688	1	4797
98,696	1	4798
98,718	1	4799
98,733	1	4800
98,769	1	4801
98,773	1	4802
98,804	1	4803
98,809	1	4804
98,815	1	4805
98,829	1	4806
98,842	1	4807
98,852	1	4808
98,904	1	4809
98,931	1	4810
98,947	1	4811
98,954	1	4812
98,970	1	4813
98,990	1	4814
99	7	4815
99,038	1	4816
99,044	1	4817
99,127	1	4818
99,575	1	4819
99,615	1	4820
99,702	1	4821
99,817	1	4822
99,898	1	4823
99,905	1	4824
99,910	1	4825
99,927	1	4826
99,968	1	4827
992,201	1	4828
992,308	1	4829
992,310	1	4830
992,312	1	4831
992,331	1	4832
992,564	1	4833
992,908	1	4834
993,445	1	4835
993,659	1	4836
993,663	1	4837
993,777	1	4838
993,784	1	4839
993,873	1	4840
994,008	1	4841
994,211	1	4842
994,394	1	4843
994,578	1	4844
994,768	1	4845
995,505	1	4846
997,810	1	4847
997,837	1	4848
997,904	1	4849
998,031	1	4850
998,323	1	4851
998,490	1	4852
9boxhead	2775	4853
9th	28	4854
9thing	1424	4855
a	4199	4856
abduct	4	4857
abilities	21	4858
about	4199	4859
above	12	4860
absorb	16	4861
abstract	82	4862
accelerate	40	4863
access	9	4864
achievement	17	4865
acid	8	4866
acolytes	11	4867
across	27	4868
act	12	4869
action	2206	4870
actions	62	4871
activate	45	4872
added	4188	4873
addicted	22	4874
addictive	4199	4875
adorable	19	4876
adrenaline	75	4877
advance	12	4878
adventure	147	4879
adventures	30	4880
adversaries	19	4881
adversary	66	4882
af	7	4883
after	16	4884
afterburners	5	4885
again	27	4886
against	159	4887
age	14	4888
ago	4199	4889
aim	1119	4890
aimed	17	4891
air	68	4892
airplanes	14	4893
alaskan	66	4894
alias	29	4895
alien	91	4896
aliens	32	4897
alive	19	4898
all	4199	4899
ally	15	4900
almost	35	4901
also	4199	4902
alt	9	4903
alternate	12	4904
am	22	4905
amazing	67	4906
amazingly	27	4907
amidst	12	4908
an	331	4909
anchor	10	4910
and	4199	4911
angle	41	4912
another	54	4913
answer	9	4914
ant	28	4915
antarctica	9	4916
anthill	28	4917
any	13	4918
apokalyx	18	4919
appear	9	4920
apple	75	4921
apples	17	4922
april	196	4923
arcade	1629	4924
archers	9	4925
archery	11	4926
are	4199	4927
arena	4199	4928
arm	8	4929
armies	17	4930
army	135	4931
arnes	69	4932
around	206	4933
arrow	2010	4934
arrows	100	4935
arrr	6	4936
art	13	4937
artificial	21	4938
arts	10	4939
artwork	7	4940
as	307	4941
asassins	8	4942
assassin	559	4943
assassinate	6	4944
assassination	35	4945
assassinations	11	4946
assault	115	4947
asteroid	31	4948
asteroids	80	4949
astroseries	74	4950
at	72	4951
atlantis	7	4952
attach	18	4953
attack	480	4954
attacking	21	4955
attacks	25	4956
attempt	4199	4957
attempting	31	4958
atv	4	4959
august	300	4960
auto	25	4961
automated	16	4962
autumn	64	4963
avenge	17	4964
avenger	7	4965
avoid	77	4966
avoider	17	4967
avoiding	26	4968
away	17	4969
awesome	140	4970
axe	16	4971
b	61	4972
baby	21	4973
back	112	4974
backflip	12	4975
backward	26	4976
bad	18	4977
balance	17	4978
balanced	9	4979
ball	300	4980
balloon	22	4981
balloons	55	4982
balls	84	4983
baloon	22	4984
bar	13	4985
barrels	8	4986
barricade	7	4987
base	25	4988
baseball	5	4989
based	41	4990
bash	45	4991
bashing	4	4992
basketball	19	4993
baskets	8	4994
bat	9	4995
bats	9	4996
batter	5	4997
battle	361	4998
battles	15	4999
battleship	19	5000
be	4199	5001
beam	13	5002
beamer	7	5003
bean	194	5004
beans	7	5005
beard	13	5006
beat	45	5007
beating	19	5008
beautiful	7	5009
become	52	5010
bee	4	5011
been	44	5012
before	110	5013
behind	11	5014
being	18	5015
best	9	5016
bets	9	5017
better	32	5018
between	40	5019
biever	21	5020
big	105	5021
bigger	15	5022
biplane	6	5023
birds	6	5024
bite	10	5025
bitshift	77	5026
black	21	5027
blast	135	5028
blasting	34	5029
bliss	9	5030
blitz	62	5031
block	132	5032
blocks	12	5033
blocky	12	5034
blood	121	5035
bloody	14	5036
blooming	13	5037
blow	22	5038
blows	7	5039
blue	51	5040
blueshift	84	5041
board	24	5042
boat	7	5043
bomb	125	5044
bombs	45	5045
bonus	26	5046
bonuses	28	5047
boo	9	5048
boombang	1	5049
boost	26	5050
boss	15	5051
bosses	26	5052
bot	136	5053
both	15	5054
bottom	11	5055
bounce	101	5056
bouncing	8	5057
bounty	52	5058
bowls	8	5059
bowman	14	5060
bowmaster	9	5061
box	26	5062
boxhead	466	5063
boxing	87	5064
boxville	16	5065
braidy	182	5066
braidy's	21	5067
brain	18	5068
brainbots	60	5069
brains	6	5070
brake	3	5071
brawl	4	5072
break	19	5073
breakout	8	5074
breathe	15	5075
brian	35	5076
brick	16	5077
bricks	10	5078
briefing	11	5079
bring	14	5080
bros	9	5081
brother	10	5082
bubble	35	5083
bubblefield	11	5084
bubbles	15	5085
bug	21	5086
bugs	62	5087
build	86	5088
building	10	5089
buildings	34	5090
bullet	16	5091
bullets	12	5092
bungee	10	5093
bunker	14	5094
burger	58	5095
burn	16	5096
bush	21	5097
bust	26	5098
buster	62	5099
busy	58	5100
but	4199	5101
butler	8	5102
buttlock	27	5103
button	90	5104
buy	51	5105
by	110	5106
c	108	5107
c4	8	5108
cable	5	5109
cactus	12	5110
camera	56	5111
campaign	8	5112
can	395	5113
can't	4199	5114
cancel	22	5115
candidate	21	5116
candy	18	5117
cane	9	5118
cannon	7	5119
caps	9	5120
captain	182	5121
capture	7	5122
car	62	5123
card	22	5124
carefully	37	5125
cars	11	5126
case	10	5127
casino	9	5128
cast	27	5129
castle	91	5130
cat	36	5131
catapult	10	5132
catch	53	5133
catcher	75	5134
cave	63	5135
challenge	79	5136
challenges	7	5137
challenging	32	5138
champion	8	5139
change	142	5140
chaos	25	5141
chapped	68	5142
character	23	5143
characteristics	8	5144
characters	19	5145
charge	23	5146
chargeball	50	5147
charged	17	5148
charmy	46	5149
check	16	5150
checkers	73	5151
cheese	12	5152
chomp	12	5153
chompy	61	5154
chompys	73	5155
choose	38	5156
chopper	75	5157
christmas	4199	5158
circle	5	5159
cities	4	5160
city	106	5161
civillians	16	5162
clash	13	5163
classic	101	5164
clear	6	5165
click	1875	5166
clicks	10	5167
cliff	10	5168
climate	6	5169
climb	81	5170
climbing	58	5171
closely	4	5172
clown	44	5173
clownamite	12	5174
cmg	4199	5175
coins	21	5176
cold	15	5177
collect	91	5178
collecting	33	5179
collector	46	5180
color	72	5181
colored	32	5182
colorful	16	5183
colors	35	5184
combat	4199	5185
combining	10	5186
combos	24	5187
combots	59	5188
comet	62	5189
comets	16	5190
coming	6	5191
command	23	5192
complete	89	5193
completely	27	5194
complex	7	5195
computer	37	5196
cone	7	5197
connection	49	5198
conquer	9	5199
contact	4199	5200
continue	69	5201
continues	22	5202
control	302	5203
controls	4102	5204
convicts	19	5205
cool	13	5206
coop	25	5207
copter	7	5208
copy	4	5209
copyright	4199	5210
copyrights	4199	5211
corporation	9	5212
correct	7	5213
cosmic	114	5214
costs	6	5215
could	18	5216
counter	17	5217
course	4	5218
courses	8	5219
cower	9	5220
crab	62	5221
craziest	10	5222
crazy	183	5223
crazymonkeygames.com	4199	5224
create	4199	5225
created	12	5226
creative	11	5227
creature	5	5228
creatures	118	5229
credits	16	5230
creeping	64	5231
crooks	13	5232
crouch	54	5233
crowded	12	5234
crush	82	5235
crushed	3	5236
crushing	3	5237
cube	58	5238
cursed	10	5239
cursor	9	5240
curveball	5	5241
customers	22	5242
customize	11	5243
cute	8	5244
cutie	6	5245
cuties	6	5246
cyber	9	5247
cyborg	57	5248
cycle	22	5249
d	612	5250
dance	3	5251
daring	12	5252
dark	67	5253
darkbase	252	5254
darkness	23	5255
dash	10	5256
dave	53	5257
de	69	5258
dead	68	5259
death	55	5260
deathmatch	85	5261
decelerate	17	5262
december	141	5263
decoy	7	5264
decrease	7	5265
deep	56	5266
default	6	5267
defeat	30	5268
defence	56	5269
defend	268	5270
defender	68	5271
defenders	17	5272
defending	22	5273
defense	4199	5274
defenses	50	5275
degree	8	5276
deliver	7	5277
delta	11	5278
demented	9	5279
demo	13	5280
demolish	7	5281
demolition	7	5282
demonic	17	5283
deranged	9	5284
description	4199	5285
deselect	32	5286
desert	4	5287
design	5	5288
designated	9	5289
designer	70	5290
destroy	4199	5291
destruction	55	5292
detach	5	5293
detective	7	5294
detonate	123	5295
detonating	10	5296
devices	7	5297
devil	8	5298
devious	5	5299
diazepam	11	5300
dice	8	5301
did	4199	5302
die	7	5303
difference	43	5304
differences	149	5305
difficult	14	5306
dig	8	5307
dino	1	5308
dinosaur	1	5309
direction	4	5310
discharge	20	5311
discover	11	5312
disease	4199	5313
diseased_productions	305	5314
displayed	9	5315
diving	17	5316
djpisti's	3	5317
do	21	5318
dodging	8	5319
dodo	55	5320
dodos	6	5321
dogs	6	5322
don't	27	5323
done	44	5324
donkey	7	5325
door	14	5326
dots	11	5327
double	38	5328
down	645	5329
downward	16	5330
drag	201	5331
dragon	30	5332
dragons	10	5333
drakojan	11	5334
draw	29	5335
dreamed	12	5336
dreams	15	5337
drill	15	5338
driver	10	5339
driving	9	5340
drop	131	5341
drows	57	5342
dry	5	5343
dry_fire	64	5344
dubai	4	5345
duck	135	5346
duel	65	5347
duelist	66	5348
dune	4	5349
duoblaster	15	5350
dupligon	39	5351
during	16	5352
dynamite	7	5353
e	357	5354
ea	14	5355
each	89	5356
earn	25	5357
earthquake	8	5358
easter	51	5359
easy	42	5360
eat	40	5361
eating	1	5362
eggy	51	5363
either	21	5364
elf	10	5365
elves	12	5366
em	45	5367
emp	41	5368
empire	84	5369
en	9	5370
end	26	5371
endless	127	5372
endlessly	15	5373
enemies	105	5374
enemy	42	5375
engaging	3	5376
engine	7	5377
enough	6	5378
enter	152	5379
entire	5	5380
entities	18	5381
eom	51	5382
epic	30	5383
equip	29	5384
equipment	6	5385
eric	56	5386
esc	29	5387
escape	146	5388
escort	16	5389
espanol	9	5390
etc	12	5391
eternal	69	5392
evacuate	10	5393
even	26	5394
ever	57	5395
everything	31	5396
evil	45	5397
evolution	59	5398
evolve	10	5399
evolving	1	5400
exactly	12	5401
examine	6	5402
exchange	5	5403
execute	5	5404
exit	56	5405
exofusion	65	5406
expand	7	5407
explode	8	5408
explore	25	5409
extremely	6	5410
f	129	5411
f2	6	5412
fabulous	9	5413
face	3	5414
facebook	4199	5415
faction	182	5416
fairy	8	5417
fall	11	5418
falling	13	5419
fan	14	5420
fancy	19	5421
fantasy	153	5422
far	37	5423
fasioned	11	5424
fast	114	5425
faster	11	5426
fat	8	5427
favorite	27	5428
favorites	14	5429
feat	12	5430
february	119	5431
feel	6	5432
fest	53	5433
few	10	5434
fi	22	5435
field	105	5436
fight	166	5437
fighter	16	5438
fighting	402	5439
fightman	11	5440
figure	20	5441
final	2	5442
finally	11	5443
find	26	5444
finest	17	5445
fingers	43	5446
fire	1537	5447
fireman	9	5448
firepower	7	5449
fires	3	5450
first	61	5451
fish	125	5452
flamethrowers	22	5453
flash	22	5454
flasher	171	5455
flashlight	28	5456
flickr	4199	5457
flies	10	5458
flight	15	5459
fling	66	5460
flip	14	5461
fly	75	5462
flycatcher	10	5463
flyer	15	5464
flying	490	5465
focus	28	5466
food	28	5467
foofa	117	5468
fooix	58	5469
foot	31	5470
for	4199	5471
forces	27	5472
formation	7	5473
forward	78	5474
four	13	5475
fps	12	5476
fracture	108	5477
frag	46	5478
frantic	64	5479
free	4199	5480
freedom	7	5481
freeway	72	5482
frenzy	23	5483
friend	39	5484
frisbee	9	5485
from	167	5486
front	12	5487
frozen	10	5488
fuel	24	5489
full	41	5490
fullscreen	4199	5491
fun	4199	5492
funny	16	5493
furious	24	5494
further	15	5495
fury	134	5496
fuzzy	187	5497
fyi	9	5498
fyke	64	5499
g	73	5500
game	4199	5501
gameplay	25	5502
games	4199	5503
gaming	4199	5504
gamma	9	5505
garden	22	5506
gare	10	5507
gatling	10	5508
gemini	19	5509
german	5	5510
get	143	5511
gets	58	5512
getting	10	5513
ghosts	9	5514
giant	12	5515
girl	8	5516
gladiator	21	5517
glaikitty	64	5518
glass	28	5519
glory	59	5520
go	158	5521
gods	55	5522
goes	23	5523
going	84	5524
golf	26	5525
good	19	5526
grab	107	5527
graphics	21	5528
gravity	16	5529
great	4199	5530
green	36	5531
grenade	65	5532
grenades	14	5533
grey	24	5534
grimoire	7	5535
grinder	10	5536
group	12	5537
grudge	9	5538
guards	22	5539
guide	1378	5540
guided	12	5541
guides	4199	5542
gun	8	5543
guns	47	5544
guy	126	5545
guys	52	5546
h	68	5547
hack	8	5548
hair	13	5549
halloween	15	5550
handle	6	5551
hang	38	5552
hanging	66	5553
happy	12	5554
hard	62	5555
hardcourt	67	5556
harder	34	5557
has	124	5558
haste	3	5559
hat	66	5560
have	66	5561
havoc	14	5562
he	70	5563
head	13	5564
heads	13	5565
heal	10	5566
heart	15	5567
heat	12	5568
heck	7	5569
helecopter	14	5570
helicopter	7	5571
helistorm	51	5572
help	185	5573
her	8	5574
here	14	5575
hero	19	5576
hero's	7	5577
heroes	13	5578
hexstar	68	5579
hide	14	5580
high	40	5581
highscore	43	5582
highscores	12	5583
highway	11	5584
him	34	5585
hint	15	5586
his	115	5587
hit	88	5588
hitting	4	5589
ho	9	5590
hold	48	5591
hole	112	5592
home	4199	5593
horde	154	5594
hordes	64	5595
horizon	57	5596
hostile	6	5597
hot	112	5598
hotkeys	43	5599
hours	9	5600
hover	257	5601
how	123	5602
hs	12	5603
http	4199	5604
hud	10	5605
huge	37	5606
humanity	4199	5607
humans	47	5608
hungry	60	5609
hunt	147	5610
hunter	74	5611
hurricane	8	5612
hyberdoze	60	5613
hybrid	13	5614
i	73	5615
ice	29	5616
idea	10	5617
if	20	5618
imagine	28	5619
improved	10	5620
in	734	5621
inc	65	5622
includes	15	5623
including	16	5624
increase	37	5625
increasingly	7	5626
incredible	6	5627
infiltrate	14	5628
information	4199	5629
infoyou	4199	5630
innovative	13	5631
inquisitive	53	5632
insane	20	5633
installment	20	5634
intended	21	5635
interact	31	5636
interactive	4199	5637
internet	4199	5638
into	100	5639
invaded	32	5640
invaders	42	5641
invading	31	5642
invasion	22	5643
inventory	84	5644
investigate	11	5645
invisible	18	5646
ir	7	5647
is	4199	5648
island	178	5649
islands	10	5650
it	4199	5651
it's	72	5652
item	35	5653
items	29	5654
its	58	5655
j	54	5656
jab	39	5657
january	2147	5658
japanese	5	5659
jeeves	63	5660
jellies	62	5661
jelly	9	5662
jet	60	5663
joy	6	5664
jugar	20	5665
juggling	11	5666
july	271	5667
jump	868	5668
jumpagon	59	5669
jumper	58	5670
jumping	22	5671
june	231	5672
jungle	6	5673
jungles	6	5674
juno	61	5675
just	66	5676
k	54	5677
kaboom	8	5678
kabooms	11	5679
kade	9	5680
kage	3	5681
kaptivo's	7	5682
keep	72	5683
keeper	70	5684
kerry	21	5685
key	9	5686
keys	1181	5687
keyz	56	5688
kick	62	5689
kids	22	5690
kill	109	5691
killer	33	5692
killers	52	5693
killin	10	5694
killing	40	5695
kind	31	5696
kinds	12	5697
king's	8	5698
kingdom	132	5699
kings	136	5700
kitty	21	5701
kneel	21	5702
knife	15	5703
knight	21	5704
knights	29	5705
knock	22	5706
know	11	5707
knox	49	5708
kogent	9	5709
kong	7	5710
krazy	56	5711
kwik	10	5712
l	45	5713
ladder	18	5714
ladybug	62	5715
ladyspiderbugs	6	5716
lame	8	5717
land	50	5718
lane	6	5719
large	6	5720
larger	33	5721
last	33	5722
late	10	5723
later	13	5724
launch	99	5725
lava	8	5726
lazy	7	5727
lead	22	5728
learn	47	5729
learned	19	5730
leave	9	5731
leaving	11	5732
ledge	14	5733
left	1275	5734
legacy	46	5735
legends	15	5736
lengthen	5	5737
less	8	5738
let	27	5739
letter	35	5740
letters	13	5741
letting	13	5742
level	81	5743
levels	134	5744
levitate	10	5745
life	97	5746
lifeform	21	5747
light	6	5748
like	83	5749
line	98	5750
linear	69	5751
lines	13	5752
linkaball	55	5753
little	4199	5754
live	9	5755
lizard	11	5756
llc	4199	5757
loa	57	5758
load	20	5759
lock	9	5760
log	8	5761
long	76	5762
look	71	5763
looks	29	5764
loop	6	5765
loosely	7	5766
lost	7	5767
lot	65	5768
lots	64	5769
luckily	8	5770
lucky	62	5771
lz	53	5772
m	86	5773
machine	75	5774
machines	55	5775
mad	81	5776
madness	50	5777
mages	9	5778
magic	12	5779
magnet	5	5780
magnetic	21	5781
magnetism	5	5782
magnifying	28	5783
mail	12	5784
main	73	5785
make	88	5786
man	30	5787
mana	11	5788
manage	7	5789
manhunt	9	5790
mania	60	5791
mano	69	5792
many	51	5793
map	89	5794
marathon	60	5795
marble	9	5796
marbles	9	5797
march	200	5798
mardek	118	5799
mario	10	5800
mars	11	5801
martial	10	5802
mashing	11	5803
mass	68	5804
massive	8	5805
master	4199	5806
mastered	4	5807
match	16	5808
matching	21	5809
math	9	5810
maths	52	5811
may	4199	5812
mayhem	6	5813
maze	45	5814
mcfluffenstein	187	5815
means	20	5816
mech	3	5817
mechs	10	5818
media	4199	5819
medieval	11	5820
medikit	7	5821
meet	18	5822
mega	9	5823
megabomb	15	5824
melee	20	5825
memory	6	5826
men	8	5827
menu	138	5828
menus	190	5829
mercy	15	5830
metagaming	17	5831
metal	17	5832
methus	56	5833
mice	19	5834
micro	8	5835
middle	8	5836
midget	8	5837
midgets	8	5838
military	8	5839
millenia	74	5840
millionaire	11	5841
mind	18	5842
mine	15	5843
mines	20	5844
mini	13	5845
minigame	13	5846
minutes	7	5847
miscellaneous	807	5848
missile	30	5849
missiles	30	5850
mission	49	5851
missions	25	5852
mmmmm	6	5853
mode	62	5854
mofro	4	5855
moko	49	5856
monday	68	5857
mondays	10	5858
monkey	7	5859
monster	70	5860
monsters	53	5861
more	314	5862
moron	60	5863
mosquitos	5	5864
motel	49	5865
motion	4	5866
moto	7	5867
motor	7	5868
motorcycle	29	5869
mouse	1693	5870
move	2645	5871
movement	25	5872
mr	48	5873
ms	10	5874
msoids	48	5875
muay	17	5876
much	16	5877
multiplayer	12	5878
munchy	8	5879
murloc	5	5880
music	4199	5881
musical	12	5882
musically	4199	5883
must	26	5884
mutant	12	5885
mutants	11	5886
mute	5	5887
mutliple	12	5888
my	33	5889
mystery	7	5890
n	61	5891
n2apiqzp	4199	5892
name	14	5893
naughty	9	5894
navigate	187	5895
neck	8	5896
necks	8	5897
necromancer	11	5898
need	21	5899
neon	152	5900
nes	35	5901
net	15	5902
netting	11	5903
never	16	5904
new	206	5905
newsletter	4199	5906
next	54	5907
nibbles	54	5908
night	53	5909
nightmare	4199	5910
nightmares	9	5911
nightstrike	13	5912
nimian	15	5913
ninja	229	5914
ninjaman	14	5915
ninjas	15	5916
nitro	11	5917
no	292	5918
nomadnancy12	4199	5919
normal	16	5920
north	58	5921
not	4199	5922
november	81	5923
now	79	5924
nudge	47	5925
numb	17	5926
number	4199	5927
numbers	7	5928
o	31	5929
object	17	5930
objectives	33	5931
obstacle	8	5932
obstacles	66	5933
october	246	5934
of	4199	5935
off	50	5936
office	8	5937
ogg	45	5938
oh	13	5939
old	58	5940
ollie	7	5941
omega	70	5942
omnipotent	3	5943
on	4188	5944
once	20	5945
one	160	5946
one's	11	5947
ones	16	5948
online	4199	5949
only	30	5950
onslaught	20	5951
open	38	5952
opponent	52	5953
opponent's	19	5954
opponents	49	5955
ops	5	5956
options	3	5957
or	261	5958
orb	7	5959
orbital	54	5960
orbs	4	5961
orbz	46	5962
orc	61	5963
orcs	10	5964
order	19	5965
original	14	5966
otbgmt	67	5967
other	4199	5968
others	6	5969
our	2	5970
ourworld	11	5971
out	4199	5972
outlandish	13	5973
outlaws	15	5974
over	24	5975
overrun	16	5976
overshield	13	5977
oversized	28	5978
own	28	5979
owners	4199	5980
p	707	5981
pac	16	5982
paced	101	5983
pack	29	5984
packed	33	5985
pacman	14	5986
pacmen	14	5987
paddle	43	5988
page	17	5989
painful	8	5990
paint	7	5991
paintball	8	5992
pan	23	5993
pandemic	156	5994
pandemic2	4199	5995
pang	58	5996
panic	97	5997
pants	11	5998
para	58	5999
parachute	12	6000
paratroopers	3	6001
parry	14	6002
part	29	6003
pass	25	6004
patch	14	6005
path	31	6006
patrol	59	6007
pause	809	6008
pc	14	6009
pedestrian	8	6010
pedestrians	8	6011
penguin	82	6012
penguins	9	6013
people	11	6014
perfect	9	6015
perform	30	6016
persia	14	6017
person	33	6018
perspective	8	6019
physics	24	6020
pick	102	6021
pictures	13	6022
piece	27	6023
pieces	6	6024
pierfunk's	3	6025
pigeon	12	6026
pigeon's	14	6027
pigeons	119	6028
piggybank	7	6029
pile	11	6030
pills	8	6031
pilot	6	6032
ping	13	6033
pirate	14	6034
pirates	49	6035
pistol	7	6036
pitch	5	6037
pixel	9	6038
pizza	7	6039
pizzaboy	65	6040
pizzas	7	6041
place	90	6042
places	11	6043
planets	29	6044
plankton	97	6045
plant	111	6046
plants	13	6047
platform	35	6048
platformer	18	6049
platforming	376	6050
play	115	6051
played	16	6052
player	4199	6053
players	12	6054
playing	4199	6055
plenty	12	6056
pogo	6	6057
poink	60	6058
point	8	6059
points	22	6060
poker	9	6061
polar	10	6062
pole	58	6063
political	21	6064
pong	71	6065
pool	6	6066
pop	11	6067
popular	7	6068
population	8	6069
portal	15	6070
portals	4	6071
possible	10	6072
postal	55	6073
power	64	6074
powers	22	6075
powerup	32	6076
powerups	50	6077
practice	68	6078
prefects	12	6079
prelude	9	6080
prequel	5	6081
presence	11	6082
presidential	21	6083
press	12	6084
previous	47	6085
primary	59	6086
prince	24	6087
princess	27	6088
prison	54	6089
prisoner	10	6090
private	35	6091
prizes	9	6092
probably	10	6093
professional	11	6094
program	8	6095
programming	8	6096
progress	13	6097
projectile	26	6098
prop	7	6099
protect	8	6100
prove	18	6101
proximity	13	6102
psychedelic	1	6103
psycho	1	6104
pull	22	6105
pumpkin	119	6106
punch	68	6107
punching	20	6108
push	1	6109
put	36	6110
puzzle	354	6111
pyroblossom	47	6112
q	287	6113
qazs	6	6114
qgru82zgct	4199	6115
quake	6	6116
quality	31	6117
quest	63	6118
quibeland	107	6119
quick	26	6120
quickly	14	6121
quite	10	6122
qwerty	119	6123
r	247	6124
rabbit	60	6125
race	138	6126
racer	8	6127
racing	104	6128
rack	11	6129
radd	173	6130
rage	116	6131
raidenx	59	6132
raids	22	6133
rain	69	6134
rainbow	62	6135
raining	8	6136
rally	8	6137
rampage	139	6138
rampaging	15	6139
range	15	6140
rat	3	6141
rated	4199	6142
ratmaze	51	6143
raze	6	6144
razor	9	6145
re	9	6146
reach	54	6147
read	11	6148
ready	13	6149
real	68	6150
reality	54	6151
really	4199	6152
rebounce	59	6153
recharge	11	6154
recommend	4199	6155
red	238	6156
rednblu	13	6157
redo	4	6158
redshift	67	6159
reflect	11	6160
regain	6	6161
reincarnationist	3	6162
reinforcements	52	6163
relaunch	5	6164
relaxing	1	6165
release	134	6166
reliever	21	6167
reload	192	6168
remake	19	6169
remember	11	6170
remote	2	6171
rendered	12	6172
repair	8	6173
replant	13	6174
rescue	110	6175
rescued	7	6176
reserved	4199	6177
reset	12	6178
resident	8	6179
respective	4199	6180
restart	8	6181
resume	17	6182
retrieve	10	6183
retro	26	6184
return	9	6185
returns	12	6186
revamped	7	6187
revenge	249	6188
reverse	52	6189
revolution	62	6190
reward	15	6191
rice	66	6192
right	1285	6193
rights	4199	6194
ring	11	6195
rings	14	6196
rise	7	6197
rising	8	6198
robot	39	6199
robots	46	6200
rock	10	6201
rocket	69	6202
rocks	4	6203
roll	65	6204
roof	11	6205
room	9	6206
rooms	191	6207
rope	31	6208
rotate	66	6209
row	19	6210
rpg	333	6211
rts	68	6212
rubble	11	6213
rumble	8	6214
run	169	6215
runner	75	6216
rural	8	6217
s	571	6218
sabatage	21	6219
sadistic	28	6220
safe	14	6221
safely	19	6222
safety	16	6223
saga	3	6224
sage	6	6225
salvation	8	6226
sam	257	6227
same	41	6228
samuel's	3	6229
santa	18	6230
saturday	53	6231
saucer	49	6232
save	195	6233
saves	13	6234
saviour	20	6235
says	4199	6236
scales	8	6237
scarlet	22	6238
scary	9	6239
scheme	22	6240
sci	22	6241
score	52	6242
scores	25	6243
scrap	8	6244
screen	28	6245
scroll	115	6246
scrolling	91	6247
scuba	7	6248
scurvy	6	6249
sea	82	6250
search	12	6251
seas	65	6252
seascape	60	6253
season	58	6254
second	13	6255
secondary	59	6256
secrets	11	6257
see	23	6258
select	608	6259
selected	12	6260
selection	13	6261
sell	7	6262
send	28	6263
senseless	19	6264
september	87	6265
sequel	86	6266
series	46	6267
serve	18	6268
service	4199	6269
serving	12	6270
set	67	6271
several	8	6272
shadez	174	6273
shadow	27	6274
shape	10	6275
shapes	10	6276
share	5	6277
shark	8	6278
sharks	8	6279
shave	13	6280
sheathe	14	6281
sheep	2	6282
sheepish	2	6283
sheet	10	6284
shield	74	6285
shift	303	6286
ship	51	6287
ships	19	6288
shooot	13	6289
shoot	259	6290
shooter	134	6291
shooting	1458	6292
shootout	4	6293
short	15	6294
shorten	5	6295
shot	23	6296
shotgun	61	6297
shots	27	6298
shouldn't	4199	6299
show	28	6300
shuriken	6	6301
side	92	6302
sides	4	6303
sieger	17	6304
sight	12	6305
silently	9	6306
simple	26	6307
simpsons	11	6308
sink	19	6309
sinks	19	6310
sir	8	6311
site	4199	6312
size	16	6313
skateboard	7	6314
skates	7	6315
skies	17	6316
skill	61	6317
skills	68	6318
skip	4199	6319
sky	129	6320
skyscraper	43	6321
slaps	8	6322
slash	40	6323
sled	10	6324
slice	8	6325
slide	9	6326
slow	4	6327
slug	9	6328
sm	2	6329
smack	9	6330
smaller	31	6331
smart	10	6332
smash	9	6333
smashing	67	6334
smileys	6	6335
smooth	14	6336
snake	10	6337
snap	8	6338
sneak	38	6339
sniper	16	6340
snipertime	5	6341
sniping	49	6342
snot	10	6343
snow	31	6344
snowman	12	6345
so	36	6346
soap	9	6347
soar	14	6348
soccer	22	6349
society	3	6350
soldier	32	6351
solve	7	6352
some	51	6353
someone	10	6354
somersault	9	6355
song	16	6356
sonny	2	6357
sooooo	6	6358
soul	3	6359
sound	4	6360
sounds	8	6361
space	1484	6362
spacebar	14	6363
spaceship	11	6364
spank	7	6365
sparkfield	16	6366
spazlock	4199	6367
special	145	6368
speed	45	6369
spell	75	6370
spells	27	6371
spider	72	6372
spiderladybugs	6	6373
spikes	29	6374
spin	19	6375
spitwad	52	6376
sponsorship	4199	6377
spooky	5	6378
spore	61	6379
sport	291	6380
spot	23	6381
spree	5	6382
squirrel	45	6383
squirrels	7	6384
stab	9	6385
stabika	64	6386
stack	52	6387
stackz	54	6388
stage	11	6389
stan	7	6390
stand	19	6391
star	4199	6392
starbase	11	6393
stars	4199	6394
start	63	6395
starts	24	6396
status	6	6397
stay	13	6398
steal	9	6399
stealth	44	6400
steel	15	6401
steer	21	6402
step	8	6403
stick	95	6404
stickman	314	6405
stickmen	31	6406
still	10	6407
stinky	194	6408
stomp	12	6409
stomping	3	6410
stone	14	6411
stop	4199	6412
stopped	14	6413
store	4199	6414
storyline	38	6415
strafe	15	6416
stragegy	13	6417
strange	19	6418
strategy	448	6419
street	21	6420
streets	7	6421
stress	21	6422
strike	110	6423
string	19	6424
strong	9	6425
structure	9	6426
structures	7	6427
stuff	15	6428
style	38	6429
stylish	4	6430
subject's	18	6431
submarine	8	6432
submit	9	6433
substratum	426	6434
subversion	52	6435
such	15	6436
suck	5	6437
super	288	6438
superbomb	12	6439
supreme	75	6440
sure	32	6441
surfboard	11	6442
surfer	11	6443
surfing	11	6444
surfs	11	6445
survival	58	6446
survive	54	6447
swap	3	6448
swarm	53	6449
swarming	10	6450
swat	5	6451
sweep	7	6452
sweet	6	6453
swing	70	6454
switch	392	6455
sword	38	6456
system	10	6457
t	10	6458
t.co	4199	6459
tab	6	6460
tactical	200	6461
tactical_assassin	44	6462
tags	227	6463
tails	9	6464
take	62	6465
taken	5	6466
takes	21	6467
tale	8	6468
tales	53	6469
talisman	10	6470
talk	38	6471
tank	116	6472
tanks	183	6473
tap	23	6474
target	37	6475
targets	20	6476
taunt	8	6477
taxes	12	6478
taxi	10	6479
teaching	4199	6480
team	18	6481
telekinesis	22	6482
telekinetic	66	6483
teleport	13	6484
tema	58	6485
temples	11	6486
terminal	10	6487
terms	4199	6488
territory	5	6489
test	35	6490
tetris	6	6491
thai	17	6492
than	36	6493
that	4199	6494
the	4199	6495
thebofthebang	4199	6496
their	4199	6497
them	87	6498
themed	8	6499
then	13	6500
there	244	6501
these	10	6502
they	94	6503
thier	13	6504
thing	4199	6505
things	8	6506
think	24	6507
thinking	15	6508
this	4199	6509
those	42	6510
through	468	6511
throw	187	6512
throwing	10	6513
thruster	5	6514
tilt	29	6515
time	108	6516
tire	18	6517
to	4199	6518
toggle	49	6519
tons	10	6520
tontie	14	6521
too	10	6522
tool	4199	6523
top	4199	6524
tornado	75	6525
toss	30	6526
tossing	8	6527
touch	24	6528
touching	17	6529
towards	12	6530
tower	56	6531
town	13	6532
townspeople	12	6533
toxie	173	6534
track	7	6535
training	37	6536
tramp	14	6537
trampoline	14	6538
trapped	6	6539
travel	17	6540
treasure	65	6541
trebuchet	26	6542
tree	68	6543
trick	17	6544
tricks	11	6545
trid3nt	75	6546
tries	15	6547
trigger	13	6548
trip	55	6549
trippy	16	6550
triumphant	9	6551
trivia	11	6552
trn	52	6553
troll	9	6554
trolls	56	6555
troopers	3	6556
troops	36	6557
truck	3	6558
try	98	6559
trying	10	6560
tukigani	4199	6561
tunnel	16	6562
turbo	72	6563
turn	112	6564
turret	137	6565
turrets	16	6566
twiddlestix	4	6567
twist	19	6568
twisted	8	6569
twister	8	6570
twitter	4199	6571
type	118	6572
typing	22	6573
ufglow	55	6574
ufo	60	6575
ufos	17	6576
ultimate	124	6577
uncover	13	6578
under	13	6579
undo	4	6580
unfairy	53	6581
unique	33	6582
unit	6	6583
units	20	6584
universe	12	6585
unknown	11	6586
unleash	8	6587
unlock	19	6588
unlocked	17	6589
unreal	7	6590
up	1168	6591
update	11	6592
upgrade	56	6593
upgrades	13	6594
uppercut	21	6595
ups	44	6596
ur	10	6597
us	4199	6598
use	353	6599
using	26	6600
v	21	6601
vacuum	6	6602
van	62	6603
vanguards	84	6604
variety	49	6605
various	62	6606
vehicle	22	6607
vehicles	36	6608
velocity	10	6609
version	13	6610
vertex	4	6611
very	87	6612
victory	21	6613
vietnam	6	6614
view	33	6615
virus	5	6616
visible	132	6617
visit	4199	6618
visor	7	6619
vm9ojoml1p	4199	6620
volleyball	63	6621
vomit	9	6622
vs	33	6623
w	420	6624
wage	8	6625
wagon	11	6626
wagons	11	6627
walk	75	6628
walking	11	6629
wall	49	6630
walls	65	6631
want	9	6632
wanted	19	6633
war	219	6634
warfare	11	6635
warlords	6	6636
warp	9	6637
warrior	141	6638
warriors	119	6639
wars	4199	6640
was	14	6641
wasd	490	6642
wasps	9	6643
waste	15	6644
wasted	9	6645
watch	60	6646
wave	16	6647
waves	47	6648
way	121	6649
we	4199	6650
weapon	693	6651
weapons	234	6652
weasel	59	6653
weasels	9	6654
weight	8	6655
weights	8	6656
weird	173	6657
well	48	6658
westech	4199	6659
western	15	6660
what	37	6661
wheel	168	6662
wheeler	4	6663
wheels	8	6664
where	4199	6665
while	4199	6666
white	1	6667
who	12	6668
whole	38	6669
wide	22	6670
wielding	9	6671
wife	20	6672
wiggi	3	6673
wild	6	6674
will	43	6675
win	9	6676
window	6	6677
wings	56	6678
wink	8	6679
wins	12	6680
winter	73	6681
wipe	13	6682
wire	60	6683
with	505	6684
without	47	6685
wits	13	6686
wizard	5	6687
wizards	51	6688
wonderfully	9	6689
wonderlight	52	6690
wone	173	6691
word	8	6692
words	88	6693
working	4199	6694
world	102	6695
worm	9	6696
would	8	6697
wow	5	6698
wpnfire	6	6699
wreaking	14	6700
wwii	6	6701
x	310	6702
xrunning	56	6703
xtreme	10	6704
xxaio	5	6705
ye	6	6706
year	28	6707
yeeehaw	15	6708
yellow	39	6709
yet	22	6710
ygejuk2dif	4199	6711
you	4199	6712
you'll	27	6713
you're	38	6714
you've	4	6715
your	4199	6716
yours	19	6717
yourself	70	6718
z	244	6719
zed	4	6720
zits	7	6721
zombie	4199	6722
zombies	243	6723
zoom	44	6724
zooms	12	6725
	4199	6726
	4199	6727
	4199	6728
	4199	6729
	4199	6730
	4199	6731
	4199	6732
	4199	6733
	4199	6734
	4199	6735
	4199	6736
	4199	6737
	4199	6738
	4199	6739
	4199	6740
	4199	6741
